Time,Heart Rate
00:00:03,75
00:00:13,76
00:00:18,78
00:00:23,81
00:00:33,78
00:00:38,70
00:00:53,71
00:01:08,72
00:01:13,75
00:01:18,82
00:01:23,87
00:01:28,84
00:01:33,83
00:01:43,82
00:01:53,70
00:01:58,66
00:02:03,65
00:02:18,65
00:02:33,67
00:02:38,66
00:02:43,67
00:02:53,69
00:02:58,76
00:03:03,77
00:03:08,78
00:03:13,77
00:03:18,77
00:03:28,76
00:03:43,75
00:03:48,72
00:04:03,71
00:04:08,71
00:04:13,71
00:04:28,71
00:04:43,71
00:04:48,67
00:04:58,66
00:05:13,66
00:05:18,68
00:05:23,69
00:05:28,71
00:05:33,74
00:05:38,76
00:05:43,77
00:05:53,78
00:05:58,77
00:06:13,78
00:06:18,77
00:06:23,78
00:06:33,76
00:06:38,75
00:06:43,76
00:06:48,77
00:06:58,77
00:07:13,79
00:07:18,80
00:07:33,80
00:07:39,75
00:07:44,72
00:07:59,73
00:08:04,72
00:08:19,73
00:08:24,74
00:08:34,75
00:08:39,76
00:08:54,76
00:09:09,76
00:09:19,75
00:09:24,74
00:09:39,74
00:09:44,77
00:09:49,78
00:09:59,78
00:10:14,76
00:10:29,76
00:10:34,77
00:10:39,72
00:10:44,69
00:10:59,69
00:11:14,67
00:11:19,65
00:11:24,64
00:11:29,65
00:11:34,66
00:11:39,66
00:11:44,67
00:11:49,68
00:11:54,70
00:11:59,72
00:12:04,73
00:12:09,74
00:12:14,75
00:12:19,76
00:12:24,77
00:12:29,80
00:12:34,81
00:12:44,80
00:12:54,82
00:12:59,83
00:13:04,84
00:13:09,82
00:13:14,79
00:13:24,80
00:13:29,79
00:13:39,80
00:13:44,81
00:13:54,82
00:14:09,82
00:14:14,83
00:14:19,82
00:14:24,79
00:14:29,79
00:14:34,76
00:14:39,74
00:14:54,74
00:15:04,75
00:15:09,76
00:15:19,77
00:15:34,75
00:15:39,74
00:15:54,71
00:15:59,71
00:16:14,71
00:16:19,72
00:16:24,73
00:16:29,75
00:16:34,79
00:16:39,80
00:16:49,79
00:16:59,81
00:17:04,79
00:17:09,76
00:17:14,76
00:17:29,76
00:17:39,77
00:17:44,75
00:17:59,75
00:18:04,75
00:18:09,75
00:18:24,74
00:18:29,75
00:18:34,76
00:18:39,75
00:18:44,76
00:18:49,77
00:19:04,77
00:19:19,77
00:19:29,78
00:19:39,79
00:19:44,80
00:19:49,82
00:19:54,84
00:20:04,83
00:20:14,84
00:20:24,83
00:20:29,81
00:20:34,77
00:20:39,78
00:20:44,79
00:20:49,80
00:21:04,80
00:21:09,81
00:21:24,81
00:21:34,81
00:21:39,81
00:21:44,82
00:21:49,84
00:22:04,79
00:22:09,80
00:22:14,80
00:22:24,77
00:22:29,73
00:22:39,74
00:22:44,75
00:22:59,76
00:23:04,75
00:23:09,68
00:23:24,68
00:23:39,74
00:23:44,75
00:23:49,77
00:23:54,78
00:23:59,79
00:24:09,80
00:24:19,81
00:24:34,81
00:24:39,83
00:24:44,85
00:24:49,87
00:24:54,88
00:25:04,88
00:25:10,88
00:25:20,88
00:25:25,89
00:25:35,85
00:25:40,83
00:25:45,77
00:25:50,74
00:25:55,71
00:26:00,70
00:26:10,69
00:26:25,69
00:26:35,70
00:26:50,72
00:26:55,73
00:27:00,74
00:27:05,78
00:27:20,79
00:27:25,78
00:27:30,74
00:27:35,72
00:27:40,77
00:27:45,78
00:27:50,75
00:27:55,72
00:28:00,69
00:28:05,65
00:28:20,66
00:28:25,68
00:28:35,67
00:28:40,68
00:28:45,71
00:28:50,72
00:29:00,74
00:29:05,75
00:29:10,77
00:29:15,80
00:29:20,84
00:29:25,89
00:29:30,90
00:29:40,89
00:29:45,90
00:29:50,88
00:29:55,85
00:30:00,79
00:30:05,75
00:30:15,78
00:30:20,80
00:30:30,78
00:30:40,79
00:30:55,79
00:31:00,80
00:31:15,80
00:31:25,81
00:31:35,82
00:31:40,82
00:31:45,77
00:31:50,64
00:31:55,64
00:32:05,65
00:32:10,65
00:32:15,64
00:32:30,63
00:32:45,63
00:32:50,64
00:32:55,65
00:33:00,66
00:33:05,68
00:33:10,69
00:33:15,68
00:33:20,70
00:33:35,71
00:33:40,72
00:33:50,73
00:34:05,72
00:34:10,68
00:34:25,68
00:34:30,69
00:34:40,72
00:34:45,73
00:34:55,74
00:35:00,74
00:35:05,74
00:35:10,77
00:35:15,78
00:35:20,79
00:35:30,80
00:35:40,80
00:35:45,78
00:35:50,71
00:35:55,70
00:36:05,71
00:36:10,72
00:36:15,73
00:36:20,74
00:36:25,75
00:36:40,76
00:36:50,75
00:36:55,77
00:37:05,78
00:37:10,81
00:37:20,80
00:37:30,81
00:37:40,83
00:37:45,84
00:38:00,84
00:38:10,83
00:38:20,82
00:38:25,82
00:38:30,82
00:38:35,81
00:38:45,80
00:38:50,78
00:38:55,77
00:39:05,76
00:39:20,75
00:39:25,72
00:39:35,72
00:39:40,73
00:39:50,74
00:39:55,75
00:40:10,75
00:40:15,74
00:40:30,73
00:40:35,71
00:40:40,68
00:40:55,68
00:41:00,71
00:41:05,74
00:41:10,75
00:41:25,75
00:41:35,76
00:41:40,82
00:41:50,81
00:41:56,81
00:42:11,82
00:42:16,82
00:42:31,81
00:42:46,80
00:43:01,79
00:43:06,71
00:43:11,70
00:43:16,72
00:43:21,71
00:43:36,71
00:43:46,70
00:44:01,71
00:44:06,72
00:44:16,75
00:44:21,74
00:44:26,74
00:44:31,75
00:44:46,75
00:45:01,76
00:45:11,77
00:45:16,78
00:45:21,79
00:45:31,79
00:45:36,79
00:45:51,79
00:45:56,80
00:46:01,80
00:46:16,80
00:46:21,81
00:46:26,82
00:46:31,82
00:46:36,84
00:46:41,83
00:46:46,82
00:46:56,83
00:47:11,85
00:47:16,84
00:47:21,82
00:47:36,82
00:47:41,81
00:47:46,80
00:47:51,79
00:47:56,80
00:48:01,81
00:48:11,83
00:48:16,89
00:48:21,86
00:48:26,86
00:48:36,87
00:48:41,88
00:48:51,87
00:49:06,87
00:49:21,87
00:49:26,86
00:49:31,85
00:49:41,86
00:49:46,87
00:49:56,88
00:50:01,90
00:50:06,92
00:50:11,91
00:50:21,90
00:50:26,89
00:50:36,90
00:50:41,89
00:50:51,91
00:50:56,92
00:51:01,91
00:51:06,90
00:51:11,81
00:51:16,78
00:51:31,77
00:51:36,78
00:51:41,79
00:51:46,81
00:51:51,82
00:51:56,82
00:52:01,83
00:52:06,84
00:52:11,85
00:52:21,84
00:52:26,83
00:52:31,76
00:52:41,77
00:52:51,81
00:52:56,85
00:53:11,84
00:53:21,84
00:53:26,85
00:53:31,84
00:53:41,85
00:53:51,83
00:54:01,81
00:54:11,84
00:54:16,85
00:54:21,86
00:54:36,86
00:54:41,85
00:54:46,84
00:54:56,85
00:55:06,89
00:55:11,91
00:55:26,89
00:55:31,88
00:55:36,85
00:55:46,86
00:55:51,87
00:55:56,88
00:56:01,87
00:56:06,86
00:56:11,87
00:56:21,88
00:56:31,89
00:56:36,87
00:56:41,86
00:56:46,85
00:56:51,85
00:57:06,85
00:57:16,87
00:57:21,88
00:57:26,89
00:57:31,90
00:57:41,91
00:57:56,87
00:58:01,84
00:58:06,85
00:58:11,86
00:58:16,85
00:58:21,86
00:58:36,85
00:58:51,85
00:59:01,83
00:59:07,83
00:59:12,82
00:59:27,82
00:59:37,83
00:59:42,84
00:59:47,85
00:59:52,86
00:59:57,85
01:00:12,83
01:00:22,82
01:00:27,82
01:00:32,83
01:00:42,85
01:00:47,86
01:01:02,86
01:01:12,85
01:01:17,86
01:01:22,85
01:01:27,85
01:01:32,83
01:01:37,81
01:01:52,81
01:02:07,79
01:02:12,78
01:02:17,78
01:02:22,78
01:02:27,79
01:02:32,80
01:02:37,82
01:02:42,81
01:02:52,83
01:02:57,84
01:03:02,82
01:03:17,82
01:03:22,81
01:03:27,81
01:03:32,81
01:03:42,81
01:03:47,80
01:03:52,81
01:03:57,82
01:04:02,83
01:04:07,82
01:04:22,83
01:04:27,82
01:04:32,81
01:04:37,82
01:04:42,84
01:04:47,84
01:04:52,91
01:04:57,96
01:05:02,98
01:05:07,100
01:05:12,103
01:05:17,103
01:05:22,104
01:05:27,103
01:05:32,103
01:05:42,103
01:05:47,102
01:05:57,100
01:06:02,99
01:06:07,96
01:06:17,99
01:06:22,102
01:06:27,100
01:06:32,99
01:06:37,100
01:06:42,101
01:06:47,102
01:06:52,103
01:06:57,106
01:07:02,107
01:07:07,108
01:07:12,109
01:07:17,108
01:07:22,107
01:07:27,103
01:07:32,96
01:07:37,94
01:07:42,93
01:07:47,98
01:07:52,99
01:07:57,98
01:08:07,96
01:08:12,99
01:08:22,101
01:08:32,102
01:08:37,103
01:08:42,103
01:08:52,101
01:08:57,97
01:09:02,98
01:09:07,101
01:09:12,102
01:09:17,104
01:09:22,105
01:09:27,106
01:09:32,107
01:09:37,105
01:09:47,106
01:09:52,108
01:10:07,108
01:10:12,109
01:10:17,108
01:10:22,108
01:10:27,110
01:10:37,109
01:10:42,108
01:10:47,107
01:10:52,108
01:10:57,105
01:11:02,100
01:11:07,96
01:11:12,94
01:11:17,98
01:11:22,100
01:11:27,102
01:11:32,103
01:11:37,102
01:11:42,103
01:11:47,108
01:11:52,111
01:11:57,109
01:12:02,106
01:12:17,106
01:12:22,104
01:12:27,102
01:12:32,104
01:12:37,105
01:12:42,106
01:12:47,96
01:12:52,89
01:12:57,88
01:13:02,88
01:13:07,89
01:13:22,90
01:13:27,98
01:13:32,101
01:13:37,102
01:13:42,104
01:13:47,100
01:13:52,101
01:14:02,102
01:14:12,101
01:14:27,101
01:14:32,96
01:14:37,94
01:14:47,97
01:14:52,98
01:14:57,96
01:15:02,95
01:15:07,97
01:15:12,98
01:15:22,100
01:15:27,99
01:15:32,100
01:15:47,100
01:15:52,105
01:15:57,103
01:16:03,102
01:16:08,103
01:16:13,100
01:16:18,97
01:16:23,96
01:16:28,95
01:16:33,99
01:16:38,101
01:16:48,102
01:16:53,101
01:17:03,93
01:17:08,94
01:17:13,95
01:17:18,92
01:17:23,95
01:17:28,97
01:17:38,97
01:17:48,96
01:17:53,95
01:17:58,93
01:18:03,94
01:18:08,100
01:18:13,99
01:18:18,97
01:18:28,98
01:18:33,97
01:18:38,95
01:18:43,95
01:18:48,96
01:18:58,94
01:19:03,93
01:19:13,92
01:19:18,93
01:19:23,91
01:19:28,93
01:19:33,102
01:19:38,104
01:19:43,110
01:19:48,114
01:19:53,113
01:19:58,112
01:20:03,108
01:20:08,104
01:20:13,106
01:20:18,112
01:20:23,115
01:20:38,114
01:20:43,113
01:20:53,112
01:21:03,110
01:21:08,106
01:21:13,100
01:21:23,99
01:21:28,98
01:21:33,100
01:21:38,104
01:21:43,102
01:21:48,107
01:21:53,105
01:21:58,100
01:22:03,102
01:22:08,100
01:22:13,99
01:22:18,100
01:22:23,110
01:22:28,115
01:22:33,117
01:22:38,118
01:22:48,117
01:22:53,115
01:22:58,114
01:23:08,115
01:23:13,116
01:23:18,115
01:23:23,114
01:23:28,113
01:23:33,110
01:23:38,103
01:23:43,96
01:23:48,95
01:23:53,99
01:23:58,102
01:24:03,105
01:24:08,103
01:24:13,102
01:24:18,103
01:24:23,108
01:24:28,112
01:24:33,111
01:24:48,111
01:24:53,112
01:24:58,114
01:25:03,113
01:25:08,110
01:25:13,109
01:25:23,108
01:25:28,106
01:25:33,112
01:25:38,118
01:25:43,119
01:25:58,118
01:26:03,124
01:26:08,123
01:26:13,125
01:26:18,124
01:26:23,122
01:26:28,120
01:26:33,117
01:26:38,114
01:26:43,110
01:26:53,109
01:26:58,110
01:27:03,115
01:27:08,112
01:27:13,111
01:27:18,108
01:27:23,105
01:27:28,103
01:27:33,101
01:27:38,100
01:27:43,103
01:27:48,99
01:27:53,95
01:27:58,93
01:28:03,92
01:28:18,92
01:28:33,92
01:28:43,90
01:28:48,87
01:28:53,82
01:28:58,78
01:29:03,75
01:29:08,73
01:29:13,74
01:29:18,77
01:29:23,80
01:29:28,82
01:29:33,82
01:29:48,85
01:29:53,86
01:30:03,87
01:30:13,88
01:30:18,89
01:30:23,91
01:30:33,88
01:30:38,84
01:30:43,78
01:30:48,75
01:30:53,75
01:31:03,71
01:31:08,70
01:31:13,72
01:31:18,76
01:31:23,79
01:31:28,75
01:31:38,73
01:31:43,72
01:31:58,72
01:32:03,73
01:32:08,76
01:32:14,84
01:32:19,85
01:32:29,84
01:32:34,83
01:32:49,83
01:32:54,84
01:32:59,85
01:33:04,84
01:33:19,84
01:33:29,83
01:33:44,83
01:33:49,81
01:34:04,75
01:34:09,72
01:34:14,73
01:34:19,76
01:34:24,79
01:34:29,80
01:34:34,82
01:34:39,82
01:34:44,82
01:34:59,80
01:35:04,76
01:35:09,79
01:35:14,81
01:35:24,84
01:35:29,83
01:35:34,81
01:35:39,74
01:35:44,72
01:35:49,75
01:35:54,77
01:35:59,78
01:36:04,80
01:36:09,82
01:36:14,83
01:36:19,82
01:36:24,80
01:36:29,79
01:36:34,78
01:36:39,77
01:36:44,75
01:36:59,75
01:37:04,77
01:37:09,80
01:37:14,79
01:37:19,79
01:37:29,78
01:37:34,77
01:37:44,79
01:37:49,81
01:37:54,81
01:37:59,78
01:38:04,77
01:38:09,77
01:38:14,71
01:38:19,68
01:38:24,71
01:38:29,72
01:38:34,73
01:38:39,74
01:38:44,73
01:38:49,69
01:38:54,66
01:38:59,65
01:39:09,73
01:39:14,75
01:39:19,74
01:39:24,75
01:39:29,78
01:39:39,76
01:39:44,68
01:39:49,65
01:39:54,63
01:39:59,66
01:40:04,69
01:40:09,72
01:40:14,76
01:40:19,77
01:40:24,79
01:40:29,79
01:40:34,78
01:40:39,76
01:40:44,73
01:40:49,70
01:40:54,64
01:40:59,65
01:41:04,65
01:41:09,64
01:41:14,63
01:41:19,61
01:41:29,62
01:41:44,61
01:41:49,60
01:42:04,60
01:42:09,63
01:42:14,69
01:42:19,68
01:42:24,68
01:42:29,66
01:42:34,64
01:42:39,61
01:42:44,60
01:42:49,59
01:43:04,64
01:43:09,68
01:43:14,63
01:43:19,60
01:43:24,59
01:43:34,63
01:43:39,66
01:43:44,61
01:43:49,62
01:43:54,67
01:43:59,68
01:44:04,69
01:44:14,67
01:44:19,63
01:44:24,63
01:44:29,66
01:44:34,63
01:44:39,60
01:44:44,59
01:44:54,60
01:44:59,59
01:45:09,57
01:45:14,58
01:45:24,59
01:45:29,57
01:45:39,63
01:45:44,67
01:45:49,63
01:45:54,62
01:45:59,62
01:46:04,61
01:46:09,58
01:46:14,58
01:46:19,60
01:46:24,67
01:46:29,69
01:46:34,65
01:46:39,64
01:46:44,65
01:46:49,64
01:46:54,63
01:46:59,63
01:47:04,65
01:47:09,65
01:47:14,64
01:47:19,64
01:47:24,64
01:47:29,62
01:47:34,60
01:47:44,63
01:47:49,68
01:47:54,64
01:48:04,67
01:48:09,67
01:48:14,69
01:48:19,67
01:48:24,69
01:48:29,69
01:48:34,68
01:48:39,70
01:48:44,70
01:48:49,66
01:48:54,61
01:49:04,66
01:49:09,68
01:49:14,66
01:49:19,68
01:49:24,70
01:49:29,71
01:49:34,68
01:49:39,63
01:49:44,61
01:49:49,60
01:49:59,61
01:50:04,62
01:50:09,66
01:50:14,67
01:50:19,72
01:50:24,71
01:50:29,73
01:50:39,74
01:50:44,75
01:50:49,73
01:50:54,71
01:51:00,68
01:51:05,66
01:51:10,68
01:51:15,68
01:51:20,70
01:51:25,71
01:51:30,72
01:51:40,71
01:51:45,70
01:51:50,68
01:51:55,62
01:52:00,59
01:52:05,61
01:52:10,66
01:52:15,70
01:52:20,65
01:52:25,61
01:52:30,59
01:52:35,58
01:52:40,60
01:52:45,66
01:52:50,68
01:52:55,68
01:53:00,66
01:53:05,68
01:53:10,69
01:53:15,68
01:53:20,70
01:53:30,71
01:53:35,72
01:53:40,69
01:53:45,66
01:53:50,63
01:53:55,61
01:54:00,61
01:54:05,65
01:54:10,70
01:54:15,72
01:54:20,72
01:54:25,71
01:54:30,68
01:54:40,69
01:54:45,66
01:54:50,62
01:54:55,64
01:55:00,68
01:55:05,69
01:55:15,68
01:55:20,70
01:55:25,67
01:55:30,63
01:55:35,61
01:55:40,63
01:55:45,66
01:55:50,63
01:55:55,61
01:56:00,62
01:56:05,65
01:56:15,61
01:56:20,62
01:56:25,65
01:56:35,66
01:56:40,65
01:56:45,62
01:56:50,61
01:56:55,60
01:57:00,63
01:57:05,66
01:57:10,65
01:57:15,67
01:57:20,70
01:57:25,72
01:57:30,73
01:57:35,73
01:57:40,73
01:57:45,74
01:57:50,71
01:57:55,70
01:58:05,70
01:58:10,72
01:58:15,71
01:58:20,71
01:58:25,69
01:58:30,65
01:58:35,66
01:58:40,67
01:58:45,69
01:58:50,68
01:58:55,71
01:59:00,72
01:59:05,73
01:59:10,74
01:59:15,71
01:59:20,71
01:59:25,71
01:59:30,69
01:59:35,72
01:59:40,69
01:59:45,66
01:59:55,70
02:00:00,72
02:00:10,73
02:00:15,75
02:00:20,75
02:00:30,69
02:00:35,67
02:00:40,70
02:00:45,69
02:00:50,70
02:00:55,70
02:01:00,69
02:01:05,71
02:01:10,71
02:01:15,66
02:01:20,68
02:01:25,71
02:01:30,70
02:01:35,66
02:01:40,67
02:01:45,71
02:01:50,73
02:01:55,72
02:02:00,69
02:02:05,68
02:02:10,65
02:02:15,63
02:02:20,62
02:02:30,61
02:02:35,63
02:02:40,69
02:02:50,66
02:02:55,68
02:03:00,70
02:03:05,70
02:03:10,69
02:03:15,67
02:03:20,65
02:03:25,64
02:03:30,65
02:03:35,68
02:03:40,69
02:03:45,70
02:04:00,71
02:04:05,72
02:04:10,74
02:04:15,72
02:04:20,66
02:04:25,65
02:04:30,67
02:04:35,70
02:04:40,69
02:04:45,67
02:04:50,66
02:04:55,67
02:05:00,71
02:05:05,73
02:05:10,75
02:05:15,75
02:05:20,72
02:05:25,68
02:05:35,70
02:05:40,72
02:05:45,73
02:05:50,74
02:06:05,73
02:06:10,72
02:06:15,74
02:06:25,77
02:06:30,78
02:06:35,76
02:06:40,75
02:06:45,74
02:07:00,74
02:07:10,75
02:07:15,76
02:07:20,73
02:07:25,75
02:07:30,73
02:07:35,73
02:07:40,74
02:07:45,75
02:07:50,74
02:07:55,71
02:08:00,67
02:08:05,66
02:08:20,66
02:08:25,71
02:08:35,71
02:08:41,73
02:08:46,72
02:08:51,67
02:08:56,68
02:09:01,71
02:09:06,67
02:09:16,70
02:09:26,68
02:09:31,69
02:09:36,71
02:09:46,71
02:09:51,69
02:09:56,70
02:10:01,71
02:10:06,69
02:10:11,66
02:10:16,65
02:10:21,66
02:10:26,69
02:10:31,71
02:10:36,71
02:10:41,69
02:10:46,70
02:10:56,68
02:11:01,67
02:11:06,68
02:11:11,71
02:11:16,71
02:11:26,69
02:11:31,70
02:11:36,72
02:11:41,71
02:11:46,72
02:11:51,73
02:11:56,74
02:12:01,74
02:12:11,75
02:12:16,72
02:12:21,70
02:12:31,68
02:12:36,66
02:12:41,72
02:12:46,77
02:12:51,79
02:13:01,77
02:13:11,76
02:13:16,75
02:13:21,73
02:13:26,72
02:13:31,74
02:13:36,77
02:13:41,78
02:13:46,79
02:13:51,78
02:13:56,78
02:14:01,75
02:14:06,73
02:14:11,73
02:14:16,69
02:14:21,72
02:14:26,75
02:14:31,76
02:14:36,75
02:14:51,75
02:14:56,76
02:15:01,74
02:15:06,72
02:15:11,70
02:15:16,69
02:15:21,71
02:15:26,70
02:15:31,71
02:15:36,73
02:15:41,74
02:15:46,72
02:15:56,73
02:16:01,71
02:16:06,70
02:16:11,68
02:16:16,67
02:16:21,68
02:16:26,69
02:16:31,72
02:16:36,73
02:16:41,70
02:16:51,71
02:16:56,73
02:17:01,75
02:17:06,74
02:17:11,70
02:17:21,72
02:17:26,72
02:17:31,71
02:17:36,74
02:17:46,73
02:17:51,70
02:17:56,66
02:18:01,68
02:18:06,69
02:18:11,72
02:18:16,73
02:18:21,74
02:18:26,72
02:18:31,69
02:18:36,67
02:18:51,67
02:19:01,68
02:19:06,69
02:19:11,71
02:19:16,73
02:19:21,71
02:19:26,70
02:19:31,69
02:19:36,68
02:19:46,69
02:19:51,72
02:19:56,74
02:20:01,73
02:20:06,71
02:20:11,69
02:20:16,68
02:20:21,69
02:20:26,71
02:20:41,71
02:20:56,71
02:21:06,70
02:21:21,71
02:21:26,72
02:21:36,71
02:21:41,70
02:21:46,68
02:21:51,67
02:22:01,71
02:22:06,73
02:22:11,74
02:22:16,74
02:22:21,72
02:22:26,69
02:22:31,67
02:22:36,68
02:22:41,71
02:22:46,73
02:22:51,75
02:22:56,73
02:23:01,71
02:23:11,70
02:23:21,68
02:23:26,67
02:23:31,66
02:23:36,66
02:23:41,68
02:23:46,70
02:23:51,72
02:24:01,73
02:24:06,72
02:24:11,70
02:24:16,71
02:24:21,73
02:24:26,74
02:24:31,73
02:24:36,71
02:24:41,68
02:24:47,65
02:24:52,65
02:25:02,65
02:25:07,66
02:25:12,67
02:25:17,70
02:25:22,72
02:25:37,72
02:25:42,72
02:25:47,73
02:25:52,72
02:25:57,73
02:26:02,74
02:26:12,73
02:26:17,71
02:26:22,72
02:26:27,71
02:26:32,70
02:26:37,69
02:26:52,71
02:26:57,72
02:27:02,69
02:27:07,69
02:27:12,67
02:27:17,65
02:27:32,65
02:27:37,69
02:27:42,70
02:27:57,72
02:28:02,70
02:28:07,68
02:28:17,70
02:28:22,72
02:28:27,73
02:28:32,74
02:28:37,73
02:28:42,70
02:28:47,69
02:28:52,68
02:29:02,70
02:29:17,70
02:29:22,71
02:29:27,73
02:29:32,71
02:29:37,70
02:29:42,69
02:29:57,71
02:30:02,72
02:30:07,71
02:30:12,69
02:30:22,70
02:30:37,71
02:30:47,72
02:30:52,73
02:30:57,73
02:31:02,72
02:31:07,71
02:31:17,70
02:31:27,72
02:31:37,71
02:31:42,70
02:31:47,68
02:32:02,68
02:32:07,70
02:32:22,71
02:32:32,68
02:32:37,67
02:32:47,69
02:32:52,70
02:33:02,71
02:33:07,72
02:33:12,71
02:33:17,70
02:33:32,70
02:33:42,71
02:33:52,70
02:33:57,69
02:34:12,69
02:34:27,70
02:34:37,69
02:34:42,68
02:34:47,68
02:34:52,69
02:34:57,68
02:35:07,70
02:35:22,68
02:35:27,67
02:35:32,68
02:35:37,70
02:35:52,70
02:35:57,71
02:36:12,71
02:36:22,72
02:36:27,73
02:36:37,72
02:36:42,71
02:36:47,72
02:36:52,74
02:37:02,73
02:37:07,72
02:37:12,71
02:37:17,69
02:37:22,72
02:37:32,71
02:37:37,70
02:37:42,68
02:37:52,69
02:38:07,69
02:38:12,69
02:38:22,70
02:38:32,69
02:38:37,68
02:38:42,67
02:38:52,68
02:38:57,70
02:39:02,72
02:39:07,72
02:39:17,71
02:39:22,70
02:39:37,71
02:39:42,72
02:39:47,71
02:39:52,70
02:40:07,71
02:40:22,72
02:40:27,74
02:40:32,75
02:40:37,73
02:40:42,70
02:40:47,69
02:41:02,69
02:41:12,70
02:41:17,71
02:41:27,72
02:41:33,72
02:41:43,71
02:41:48,69
02:41:58,70
02:42:08,72
02:42:13,71
02:42:18,69
02:42:33,69
02:42:38,70
02:42:48,71
02:42:53,72
02:42:58,73
02:43:13,73
02:43:23,74
02:43:33,73
02:43:38,74
02:43:53,76
02:44:03,74
02:44:08,73
02:44:18,72
02:44:33,72
02:44:38,73
02:44:53,73
02:45:08,74
02:45:18,73
02:45:33,74
02:45:48,74
02:45:53,73
02:45:58,71
02:46:03,70
02:46:08,68
02:46:13,69
02:46:18,71
02:46:23,73
02:46:38,73
02:46:43,74
02:46:48,73
02:47:03,72
02:47:18,72
02:47:23,71
02:47:38,70
02:47:48,71
02:48:03,72
02:48:13,73
02:48:18,72
02:48:28,71
02:48:38,72
02:48:43,71
02:48:58,71
02:49:03,72
02:49:18,73
02:49:23,72
02:49:28,73
02:49:33,72
02:49:38,72
02:49:43,73
02:49:48,72
02:49:53,72
02:49:58,73
02:50:08,74
02:50:18,79
02:50:23,93
02:50:28,86
02:50:33,81
02:50:38,73
02:50:43,70
02:50:48,63
02:50:53,60
02:51:03,61
02:51:08,65
02:51:13,67
02:51:18,66
02:51:23,63
02:51:28,62
02:51:33,59
02:51:48,61
02:51:53,66
02:51:58,63
02:52:03,61
02:52:08,60
02:52:13,60
02:52:18,59
02:52:23,60
02:52:28,62
02:52:33,68
02:52:38,70
02:52:43,68
02:52:48,64
02:52:53,62
02:53:03,61
02:53:13,66
02:53:18,68
02:53:33,68
02:53:38,70
02:53:43,76
02:53:48,75
02:53:53,73
02:53:58,71
02:54:03,66
02:54:08,64
02:54:18,63
02:54:23,62
02:54:38,62
02:54:48,64
02:54:58,63
02:55:13,63
02:55:18,66
02:55:23,69
02:55:33,70
02:55:38,69
02:55:43,72
02:55:48,74
02:55:53,72
02:55:58,67
02:56:03,65
02:56:08,64
02:56:13,63
02:56:28,66
02:56:33,68
02:56:38,69
02:56:43,70
02:56:48,68
02:56:53,65
02:56:58,63
02:57:03,62
02:57:08,61
02:57:18,60
02:57:28,62
02:57:33,69
02:57:38,68
02:57:43,63
02:57:48,62
02:57:53,61
02:58:03,60
02:58:09,60
02:58:14,61
02:58:19,62
02:58:24,63
02:58:29,62
02:58:44,63
02:58:54,67
02:58:59,70
02:59:09,76
02:59:14,77
02:59:19,73
02:59:24,68
02:59:29,66
02:59:34,65
02:59:39,68
02:59:44,67
02:59:49,61
02:59:54,58
03:00:04,59
03:00:09,60
03:00:14,61
03:00:19,62
03:00:24,63
03:00:29,64
03:00:34,63
03:00:39,62
03:00:54,64
03:00:59,65
03:01:04,64
03:01:14,66
03:01:19,68
03:01:24,69
03:01:29,71
03:01:34,72
03:01:39,78
03:01:44,82
03:01:59,83
03:02:04,81
03:02:09,75
03:02:14,70
03:02:19,67
03:02:24,64
03:02:29,62
03:02:44,61
03:02:49,62
03:02:59,61
03:03:14,61
03:03:19,62
03:03:24,63
03:03:29,64
03:03:34,65
03:03:44,64
03:03:54,67
03:04:04,65
03:04:09,63
03:04:19,64
03:04:24,65
03:04:29,64
03:04:34,62
03:04:44,70
03:04:49,73
03:04:54,76
03:04:59,77
03:05:09,74
03:05:14,70
03:05:19,66
03:05:24,64
03:05:29,61
03:05:34,60
03:05:39,59
03:05:49,60
03:05:59,61
03:06:09,62
03:06:14,63
03:06:29,63
03:06:34,62
03:06:44,62
03:06:49,63
03:06:59,66
03:07:04,76
03:07:09,78
03:07:14,78
03:07:29,75
03:07:34,67
03:07:39,64
03:07:44,62
03:07:49,60
03:07:54,59
03:08:04,60
03:08:09,61
03:08:14,62
03:08:19,65
03:08:24,70
03:08:29,72
03:08:34,67
03:08:39,64
03:08:44,62
03:08:54,63
03:08:59,61
03:09:14,62
03:09:19,60
03:09:24,59
03:09:29,60
03:09:34,61
03:09:39,63
03:09:49,64
03:09:54,65
03:10:04,64
03:10:14,65
03:10:19,66
03:10:29,65
03:10:34,64
03:10:49,65
03:10:54,69
03:10:59,68
03:11:04,64
03:11:09,62
03:11:14,61
03:11:19,62
03:11:34,61
03:11:39,62
03:11:49,64
03:11:54,65
03:11:59,64
03:12:14,66
03:12:19,67
03:12:24,69
03:12:29,72
03:12:34,71
03:12:39,66
03:12:44,64
03:12:49,63
03:12:54,62
03:12:59,62
03:13:04,61
03:13:14,62
03:13:19,65
03:13:24,66
03:13:29,65
03:13:39,66
03:13:54,67
03:13:59,66
03:14:14,66
03:14:19,66
03:14:24,65
03:14:34,66
03:14:39,67
03:14:44,68
03:14:54,67
03:14:59,66
03:15:09,67
03:15:24,67
03:15:29,65
03:15:34,66
03:15:49,66
03:15:54,67
03:15:59,68
03:16:04,67
03:16:10,67
03:16:15,70
03:16:20,73
03:16:25,73
03:16:30,75
03:16:35,83
03:16:40,87
03:16:45,89
03:16:55,88
03:17:00,83
03:17:05,77
03:17:10,70
03:17:15,66
03:17:20,64
03:17:25,63
03:17:30,62
03:17:40,61
03:17:50,62
03:17:55,63
03:18:00,62
03:18:05,61
03:18:15,60
03:18:25,63
03:18:30,65
03:18:35,72
03:18:40,74
03:18:45,74
03:18:50,77
03:18:55,76
03:19:05,72
03:19:10,67
03:19:15,66
03:19:20,67
03:19:25,69
03:19:30,66
03:19:35,63
03:19:40,62
03:19:45,64
03:19:50,67
03:19:55,78
03:20:00,81
03:20:05,82
03:20:10,84
03:20:15,85
03:20:20,84
03:20:25,79
03:20:30,73
03:20:35,71
03:20:40,68
03:20:45,66
03:20:50,65
03:21:05,63
03:21:10,63
03:21:15,64
03:21:25,63
03:21:30,64
03:21:35,65
03:21:40,64
03:21:45,65
03:21:50,66
03:21:55,65
03:22:10,65
03:22:15,66
03:22:20,68
03:22:25,69
03:22:30,66
03:22:35,65
03:22:40,66
03:22:45,68
03:22:50,66
03:22:55,65
03:23:05,66
03:23:10,65
03:23:15,64
03:23:25,67
03:23:30,68
03:23:35,69
03:23:40,70
03:23:45,72
03:23:50,70
03:23:55,66
03:24:00,63
03:24:05,62
03:24:15,63
03:24:30,64
03:24:35,65
03:24:40,68
03:24:45,69
03:24:50,70
03:24:55,74
03:25:00,82
03:25:05,83
03:25:15,84
03:25:20,82
03:25:25,71
03:25:30,65
03:25:35,63
03:25:40,63
03:25:45,61
03:25:50,59
03:25:55,60
03:26:10,60
03:26:25,64
03:26:30,68
03:26:35,68
03:26:40,65
03:26:45,63
03:26:50,62
03:27:05,63
03:27:10,64
03:27:25,65
03:27:30,66
03:27:40,64
03:27:45,63
03:27:55,64
03:28:00,65
03:28:10,64
03:28:20,65
03:28:25,66
03:28:30,67
03:28:35,68
03:28:40,69
03:28:50,68
03:29:00,70
03:29:05,71
03:29:10,67
03:29:15,66
03:29:30,66
03:29:35,65
03:29:45,66
03:29:50,67
03:29:55,67
03:30:00,68
03:30:15,68
03:30:25,69
03:30:30,70
03:30:35,71
03:30:50,71
03:31:00,72
03:31:10,70
03:31:25,70
03:31:40,70
03:31:50,70
03:32:05,70
03:32:10,73
03:32:15,72
03:32:20,72
03:32:25,70
03:32:30,69
03:32:40,72
03:32:45,74
03:32:50,73
03:32:55,71
03:33:00,69
03:33:05,68
03:33:10,69
03:33:16,71
03:33:21,70
03:33:26,68
03:33:31,71
03:33:36,72
03:33:41,69
03:33:46,67
03:33:51,71
03:34:01,66
03:34:06,63
03:34:16,64
03:34:21,67
03:34:26,68
03:34:31,74
03:34:36,80
03:34:41,81
03:34:46,76
03:34:51,70
03:34:56,71
03:35:06,68
03:35:11,65
03:35:16,64
03:35:21,65
03:35:31,67
03:35:36,68
03:35:46,64
03:35:51,63
03:35:56,63
03:36:01,64
03:36:16,64
03:36:21,65
03:36:31,66
03:36:41,67
03:36:56,68
03:37:01,70
03:37:06,71
03:37:11,70
03:37:16,69
03:37:26,70
03:37:31,69
03:37:41,68
03:37:56,70
03:38:01,71
03:38:16,71
03:38:21,72
03:38:26,71
03:38:36,70
03:38:46,72
03:38:51,71
03:38:56,70
03:39:01,69
03:39:06,68
03:39:21,69
03:39:26,70
03:39:31,69
03:39:41,71
03:39:51,71
03:39:56,70
03:40:01,69
03:40:16,69
03:40:21,71
03:40:26,72
03:40:36,73
03:40:46,72
03:40:56,73
03:41:06,72
03:41:16,74
03:41:21,75
03:41:26,74
03:41:31,72
03:41:36,70
03:41:46,69
03:41:51,70
03:42:01,71
03:42:06,72
03:42:11,73
03:42:16,74
03:42:21,73
03:42:36,74
03:42:41,75
03:42:46,73
03:42:51,72
03:42:56,72
03:43:01,72
03:43:06,70
03:43:16,71
03:43:21,73
03:43:26,74
03:43:31,76
03:43:36,75
03:43:46,76
03:43:56,76
03:44:01,75
03:44:06,73
03:44:21,74
03:44:31,73
03:44:36,72
03:44:46,74
03:44:51,77
03:44:56,78
03:45:01,77
03:45:16,78
03:45:21,77
03:45:26,76
03:45:31,75
03:45:36,74
03:45:41,75
03:45:46,77
03:45:51,78
03:45:56,75
03:46:01,71
03:46:06,70
03:46:11,73
03:46:16,74
03:46:21,75
03:46:26,74
03:46:31,70
03:46:36,68
03:46:41,70
03:46:46,74
03:46:51,76
03:46:56,78
03:47:01,79
03:47:11,87
03:47:16,93
03:47:21,96
03:47:26,93
03:47:31,84
03:47:36,74
03:47:41,70
03:47:46,68
03:47:51,65
03:47:56,64
03:48:01,64
03:48:06,62
03:48:11,61
03:48:26,61
03:48:31,62
03:48:36,65
03:48:41,66
03:48:46,67
03:48:51,68
03:49:01,69
03:49:06,71
03:49:11,72
03:49:16,73
03:49:21,74
03:49:26,73
03:49:36,72
03:49:41,71
03:49:56,71
03:50:01,71
03:50:06,70
03:50:16,69
03:50:21,70
03:50:31,72
03:50:36,71
03:50:41,70
03:50:46,69
03:50:52,69
03:50:57,72
03:51:02,73
03:51:07,71
03:51:12,69
03:51:17,69
03:51:22,69
03:51:27,67
03:51:32,66
03:51:37,67
03:51:42,70
03:51:47,72
03:51:52,74
03:51:57,73
03:52:02,72
03:52:12,73
03:52:17,74
03:52:22,74
03:52:27,72
03:52:32,71
03:52:37,70
03:52:52,70
03:52:57,73
03:53:02,72
03:53:07,67
03:53:12,65
03:53:17,66
03:53:22,68
03:53:27,69
03:53:32,70
03:53:37,71
03:53:42,72
03:53:47,73
03:53:57,73
03:54:02,71
03:54:07,70
03:54:12,71
03:54:17,71
03:54:22,70
03:54:27,69
03:54:32,70
03:54:37,71
03:54:47,72
03:54:52,68
03:54:57,66
03:55:02,68
03:55:07,70
03:55:12,73
03:55:17,74
03:55:22,73
03:55:27,71
03:55:42,73
03:55:47,75
03:55:52,77
03:55:57,76
03:56:02,73
03:56:07,72
03:56:22,73
03:56:27,74
03:56:42,75
03:56:47,76
03:56:52,77
03:56:57,76
03:57:02,75
03:57:07,75
03:57:12,74
03:57:17,74
03:57:22,72
03:57:37,73
03:57:42,74
03:57:47,75
03:57:52,76
03:57:57,78
03:58:02,77
03:58:07,74
03:58:12,69
03:58:22,72
03:58:27,74
03:58:32,75
03:58:37,74
03:58:52,72
03:58:57,71
03:59:02,72
03:59:07,74
03:59:12,75
03:59:17,76
03:59:22,78
03:59:32,77
03:59:37,76
03:59:42,74
03:59:47,72
03:59:52,73
04:00:02,74
04:00:07,75
04:00:22,75
04:00:32,75
04:00:37,75
04:00:42,74
04:00:47,71
04:00:52,69
04:00:57,71
04:01:02,73
04:01:07,74
04:01:12,75
04:01:17,77
04:01:22,80
04:01:27,72
04:01:32,68
04:01:38,66
04:01:48,69
04:01:53,73
04:02:03,69
04:02:13,71
04:02:18,73
04:02:23,73
04:02:28,72
04:02:43,72
04:02:58,73
04:03:08,72
04:03:13,71
04:03:18,70
04:03:28,71
04:03:33,72
04:03:38,74
04:03:43,76
04:03:48,75
04:03:53,74
04:04:03,73
04:04:18,76
04:04:23,77
04:04:33,76
04:04:38,77
04:04:53,78
04:04:58,77
04:05:03,75
04:05:08,72
04:05:13,73
04:05:18,74
04:05:23,73
04:05:38,75
04:05:43,76
04:05:48,75
04:05:53,73
04:05:58,70
04:06:08,71
04:06:13,73
04:06:18,74
04:06:23,73
04:06:33,72
04:06:38,73
04:06:43,74
04:06:48,73
04:06:53,72
04:06:58,72
04:07:03,73
04:07:08,74
04:07:18,74
04:07:23,73
04:07:28,72
04:07:33,71
04:07:38,70
04:07:43,69
04:07:49,71
04:07:54,73
04:07:59,74
04:08:04,75
04:08:09,76
04:08:19,77
04:08:24,78
04:08:39,78
04:08:54,78
04:09:04,77
04:09:19,78
04:09:34,77
04:09:39,77
04:09:44,78
04:09:49,75
04:09:54,70
04:09:59,68
04:10:04,72
04:10:09,76
04:10:14,78
04:10:19,76
04:10:24,73
04:10:39,73
04:10:44,73
04:10:49,72
04:10:54,73
04:10:59,74
04:11:04,75
04:11:09,76
04:11:14,75
04:11:29,77
04:11:34,76
04:11:39,73
04:11:49,75
04:11:54,77
04:11:59,78
04:12:04,76
04:12:09,74
04:12:14,74
04:12:19,72
04:12:24,70
04:12:34,71
04:12:39,73
04:12:44,75
04:12:49,76
04:12:54,75
04:12:59,74
04:13:14,75
04:13:19,76
04:13:29,77
04:13:34,78
04:13:49,78
04:13:54,77
04:13:59,75
04:14:04,74
04:14:09,75
04:14:14,76
04:14:19,77
04:14:24,78
04:14:29,77
04:14:34,76
04:14:39,75
04:14:44,76
04:14:54,78
04:14:59,80
04:15:04,82
04:15:09,80
04:15:14,78
04:15:24,82
04:15:29,83
04:15:44,94
04:15:49,100
04:15:54,92
04:15:59,79
04:16:04,69
04:16:09,65
04:16:19,67
04:16:24,64
04:16:29,60
04:16:39,61
04:16:49,62
04:16:59,60
04:17:14,61
04:17:19,63
04:17:24,65
04:17:29,67
04:17:34,69
04:17:49,67
04:18:04,68
04:18:19,70
04:18:24,72
04:18:29,73
04:18:34,74
04:18:44,76
04:18:49,83
04:18:54,81
04:18:59,75
04:19:04,71
04:19:09,67
04:19:14,65
04:19:19,64
04:19:29,65
04:19:34,66
04:19:39,67
04:19:44,68
04:19:49,69
04:19:54,70
04:19:59,69
04:20:04,70
04:20:09,74
04:20:14,75
04:20:19,71
04:20:24,70
04:20:34,69
04:20:44,68
04:20:49,67
04:20:59,69
04:21:04,70
04:21:09,71
04:21:19,72
04:21:29,71
04:21:39,73
04:21:44,75
04:21:49,72
04:21:54,71
04:21:59,72
04:22:04,71
04:22:09,70
04:22:19,71
04:22:29,72
04:22:39,74
04:22:54,74
04:22:59,73
04:23:04,71
04:23:14,72
04:23:29,72
04:23:34,73
04:23:39,74
04:23:44,75
04:23:54,74
04:24:09,74
04:24:19,74
04:24:29,75
04:24:34,76
04:24:44,75
04:24:49,72
04:24:59,73
04:25:14,73
04:25:19,74
04:25:24,75
04:25:29,74
04:25:44,74
04:25:49,75
04:26:04,75
04:26:09,75
04:26:14,74
04:26:29,74
04:26:30,74
04:26:40,73
04:26:50,75
04:26:55,77
04:27:00,75
04:27:05,72
04:27:10,73
04:27:25,73
04:27:40,74
04:27:45,75
04:27:50,73
04:28:05,72
04:28:10,73
04:28:15,74
04:28:20,75
04:28:25,74
04:28:30,75
04:28:35,76
04:28:45,77
04:28:55,78
04:29:00,79
04:29:10,81
04:29:15,82
04:29:20,83
04:29:30,84
04:29:35,83
04:29:45,82
04:29:50,82
04:29:55,83
04:30:00,81
04:30:05,77
04:30:10,78
04:30:15,77
04:30:25,78
04:30:40,78
04:30:50,79
04:30:55,78
04:31:00,79
04:31:05,78
04:31:10,79
04:31:15,81
04:31:20,80
04:31:25,79
04:31:30,80
04:31:35,81
04:31:40,82
04:31:45,83
04:32:00,84
04:32:10,82
04:32:25,80
04:32:35,82
04:32:40,83
04:32:50,81
04:32:55,80
04:33:00,79
04:33:10,80
04:33:20,81
04:33:25,83
04:33:35,84
04:33:40,82
04:33:45,79
04:34:00,79
04:34:05,80
04:34:20,79
04:34:30,81
04:34:35,85
04:34:40,87
04:34:45,86
04:34:55,88
04:35:00,88
04:35:05,86
04:35:10,84
04:35:15,83
04:35:20,82
04:35:30,83
04:35:35,84
04:35:40,85
04:35:45,84
04:35:50,83
04:35:55,80
04:36:00,79
04:36:05,80
04:36:10,79
04:36:15,78
04:36:30,79
04:36:35,80
04:36:45,82
04:36:50,83
04:36:55,79
04:37:00,77
04:37:05,76
04:37:10,73
04:37:20,75
04:37:25,76
04:37:30,77
04:37:45,77
04:38:00,78
04:38:05,101
04:38:10,99
04:38:15,86
04:38:20,76
04:38:25,71
04:38:30,70
04:38:35,70
04:38:45,69
04:38:55,67
04:39:00,66
04:39:05,67
04:39:10,66
04:39:15,67
04:39:20,70
04:39:25,71
04:39:30,70
04:39:35,69
04:39:40,71
04:39:50,70
04:39:55,72
04:40:00,73
04:40:05,74
04:40:10,76
04:40:15,77
04:40:20,78
04:40:25,79
04:40:35,78
04:40:45,79
04:40:50,81
04:40:55,83
04:41:00,86
04:41:05,88
04:41:10,90
04:41:16,92
04:41:21,93
04:41:26,92
04:41:31,93
04:41:36,94
04:41:41,93
04:41:56,94
04:42:01,95
04:42:06,97
04:42:11,98
04:42:16,97
04:42:21,96
04:42:31,98
04:42:36,99
04:42:41,98
04:42:51,97
04:42:56,95
04:43:01,93
04:43:06,92
04:43:11,91
04:43:16,89
04:43:21,87
04:43:26,89
04:43:36,90
04:43:41,89
04:43:46,85
04:43:56,86
04:44:01,85
04:44:06,84
04:44:11,83
04:44:16,82
04:44:21,81
04:44:31,83
04:44:36,85
04:44:41,84
04:44:51,81
04:44:56,80
04:45:11,81
04:45:16,82
04:45:21,82
04:45:26,79
04:45:31,78
04:45:36,81
04:45:41,78
04:45:46,76
04:45:51,74
04:46:06,74
04:46:11,76
04:46:16,77
04:46:21,76
04:46:26,77
04:46:31,78
04:46:36,79
04:46:41,82
04:46:46,84
04:46:51,85
04:46:56,87
04:47:01,84
04:47:06,79
04:47:11,75
04:47:16,74
04:47:21,75
04:47:26,74
04:47:31,71
04:47:46,73
04:47:51,74
04:47:56,75
04:48:11,77
04:48:16,78
04:48:21,80
04:48:26,81
04:48:31,82
04:48:36,78
04:48:41,77
04:48:46,76
04:48:51,75
04:49:01,76
04:49:06,77
04:49:11,78
04:49:16,77
04:49:26,78
04:49:31,79
04:49:46,80
04:49:51,78
04:49:56,77
04:50:11,77
04:50:26,78
04:50:31,76
04:50:36,74
04:50:41,78
04:50:51,75
04:50:56,72
04:51:01,70
04:51:16,71
04:51:21,72
04:51:26,73
04:51:31,74
04:51:36,77
04:51:41,79
04:51:46,76
04:51:51,77
04:51:56,79
04:52:01,77
04:52:06,77
04:52:11,74
04:52:16,70
04:52:21,69
04:52:31,70
04:52:36,72
04:52:41,74
04:52:46,75
04:52:51,71
04:52:56,70
04:53:11,72
04:53:26,73
04:53:31,74
04:53:36,76
04:53:41,78
04:53:46,79
04:53:56,80
04:54:06,81
04:54:11,80
04:54:16,79
04:54:26,77
04:54:41,78
04:54:56,79
04:55:01,80
04:55:06,81
04:55:16,82
04:55:31,83
04:55:36,84
04:55:41,81
04:55:46,79
04:55:51,77
04:55:56,73
04:56:01,71
04:56:16,71
04:56:26,72
04:56:41,73
04:56:46,75
04:56:51,76
04:57:01,77
04:57:06,78
04:57:11,79
04:57:26,79
04:57:31,77
04:57:46,77
04:57:56,76
04:58:01,74
04:58:06,70
04:58:11,71
04:58:16,73
04:58:21,74
04:58:31,75
04:58:41,74
04:58:51,75
04:58:56,76
04:59:01,78
04:59:06,79
04:59:11,81
04:59:21,77
04:59:27,73
04:59:32,72
04:59:37,70
04:59:52,70
04:59:57,71
05:00:02,72
05:00:07,71
05:00:12,69
05:00:17,69
05:00:22,70
05:00:37,71
05:00:42,74
05:00:47,90
05:00:52,91
05:00:57,87
05:01:02,84
05:01:07,77
05:01:12,69
05:01:27,71
05:01:32,73
05:01:37,72
05:01:52,73
05:01:57,69
05:02:02,65
05:02:12,69
05:02:17,71
05:02:22,73
05:02:27,74
05:02:32,73
05:02:37,74
05:02:42,71
05:02:47,69
05:02:52,70
05:02:57,72
05:03:02,74
05:03:07,76
05:03:12,77
05:03:17,79
05:03:22,77
05:03:32,78
05:03:37,79
05:03:42,77
05:03:47,75
05:03:52,76
05:03:57,80
05:04:07,77
05:04:12,75
05:04:17,71
05:04:22,70
05:04:27,71
05:04:32,72
05:04:37,74
05:04:42,74
05:04:47,72
05:04:52,72
05:05:02,73
05:05:07,75
05:05:12,76
05:05:22,78
05:05:27,79
05:05:32,80
05:05:37,81
05:05:47,78
05:05:57,79
05:06:07,79
05:06:17,73
05:06:22,68
05:06:32,68
05:06:37,67
05:06:47,68
05:06:57,71
05:07:02,74
05:07:07,78
05:07:12,79
05:07:17,77
05:07:22,76
05:07:32,77
05:07:37,78
05:07:42,79
05:07:47,80
05:07:52,81
05:08:07,81
05:08:12,77
05:08:17,75
05:08:22,74
05:08:32,75
05:08:37,76
05:08:42,78
05:08:47,75
05:08:52,73
05:08:57,73
05:09:02,72
05:09:07,74
05:09:12,73
05:09:17,72
05:09:32,74
05:09:37,76
05:09:42,77
05:09:52,78
05:09:57,81
05:10:02,78
05:10:07,75
05:10:12,74
05:10:17,73
05:10:22,72
05:10:27,71
05:10:32,72
05:10:37,74
05:10:42,75
05:10:57,77
05:11:02,79
05:11:07,80
05:11:17,79
05:11:22,78
05:11:27,77
05:11:32,75
05:11:37,76
05:11:42,77
05:11:52,79
05:11:57,77
05:12:02,74
05:12:07,72
05:12:12,72
05:12:17,70
05:12:27,72
05:12:32,73
05:12:37,74
05:12:42,75
05:12:47,76
05:12:57,76
05:13:02,74
05:13:07,73
05:13:12,71
05:13:17,71
05:13:22,72
05:13:37,74
05:13:42,77
05:13:47,78
05:13:52,73
05:13:57,71
05:14:02,72
05:14:07,74
05:14:12,72
05:14:17,69
05:14:22,67
05:14:32,68
05:14:37,69
05:14:42,70
05:14:52,71
05:14:57,73
05:15:02,75
05:15:07,74
05:15:12,72
05:15:17,71
05:15:22,70
05:15:27,69
05:15:32,68
05:15:37,67
05:15:42,68
05:15:47,70
05:15:53,70
05:15:58,71
05:16:03,72
05:16:13,73
05:16:18,73
05:16:23,73
05:16:28,71
05:16:33,70
05:16:38,71
05:16:43,74
05:16:48,75
05:16:53,72
05:16:58,70
05:17:03,69
05:17:13,70
05:17:18,71
05:17:23,70
05:17:28,68
05:17:38,69
05:17:48,69
05:17:53,68
05:17:58,69
05:18:03,69
05:18:13,70
05:18:18,68
05:18:23,68
05:18:28,70
05:18:33,71
05:18:38,71
05:18:43,72
05:18:48,71
05:18:58,72
05:19:03,73
05:19:08,73
05:19:13,72
05:19:28,73
05:19:33,74
05:19:38,73
05:19:43,72
05:19:58,73
05:20:03,74
05:20:08,73
05:20:23,72
05:20:38,74
05:20:43,76
05:20:48,76
05:20:53,75
05:20:58,74
05:21:08,75
05:21:23,75
05:21:28,74
05:21:38,75
05:21:43,76
05:21:53,77
05:21:58,78
05:22:03,76
05:22:13,77
05:22:23,76
05:22:28,77
05:22:33,78
05:22:38,77
05:22:43,75
05:22:53,76
05:23:08,76
05:23:13,75
05:23:18,76
05:23:23,77
05:23:28,78
05:23:38,78
05:23:43,79
05:23:53,76
05:23:58,75
05:24:13,76
05:24:18,77
05:24:33,77
05:24:38,78
05:24:53,77
05:24:58,76
05:25:08,77
05:25:18,78
05:25:28,77
05:25:33,77
05:25:38,78
05:25:48,79
05:25:53,80
05:26:08,80
05:26:13,79
05:26:18,78
05:26:33,78
05:26:38,77
05:26:48,78
05:27:03,78
05:27:13,79
05:27:28,79
05:27:33,78
05:27:48,78
05:27:58,77
05:28:03,78
05:28:08,77
05:28:23,77
05:28:28,78
05:28:38,77
05:28:43,76
05:28:53,78
05:28:58,81
05:29:03,77
05:29:08,74
05:29:18,76
05:29:23,76
05:29:28,76
05:29:33,75
05:29:38,74
05:29:48,75
05:30:03,75
05:30:08,75
05:30:13,76
05:30:18,75
05:30:28,77
05:30:33,76
05:30:38,74
05:30:43,73
05:30:48,74
05:30:53,75
05:30:58,76
05:31:03,77
05:31:18,77
05:31:33,76
05:31:48,78
05:31:58,79
05:32:03,78
05:32:08,77
05:32:23,77
05:32:29,77
05:32:34,76
05:32:39,75
05:32:49,76
05:32:54,77
05:32:59,78
05:33:04,76
05:33:09,75
05:33:24,75
05:33:39,75
05:33:54,76
05:33:59,78
05:34:14,78
05:34:19,79
05:34:34,79
05:34:39,78
05:34:44,77
05:34:59,77
05:35:04,78
05:35:09,79
05:35:14,76
05:35:19,74
05:35:29,76
05:35:34,77
05:35:44,78
05:35:59,79
05:36:04,80
05:36:09,79
05:36:24,79
05:36:29,76
05:36:39,77
05:36:44,78
05:36:59,78
05:37:14,78
05:37:19,79
05:37:24,80
05:37:39,80
05:37:54,81
05:37:59,80
05:38:14,81
05:38:29,80
05:38:39,79
05:38:54,79
05:38:59,77
05:39:09,78
05:39:19,79
05:39:29,78
05:39:44,78
05:39:54,79
05:40:09,80
05:40:19,79
05:40:24,78
05:40:34,79
05:40:39,80
05:40:44,80
05:40:49,78
05:40:54,77
05:41:04,78
05:41:09,79
05:41:14,78
05:41:29,77
05:41:44,77
05:41:49,75
05:41:54,75
05:41:59,73
05:42:04,73
05:42:09,76
05:42:14,75
05:42:19,73
05:42:24,72
05:42:29,72
05:42:39,72
05:42:54,74
05:42:59,77
05:43:09,76
05:43:14,77
05:43:19,78
05:43:34,78
05:43:39,79
05:43:44,80
05:43:54,79
05:43:59,77
05:44:09,78
05:44:19,80
05:44:29,78
05:44:39,79
05:44:44,80
05:44:59,80
05:45:04,81
05:45:09,82
05:45:24,81
05:45:29,77
05:45:34,76
05:45:39,77
05:45:44,78
05:45:49,79
05:45:54,78
05:45:59,78
05:46:04,83
05:46:09,85
05:46:19,87
05:46:24,86
05:46:29,84
05:46:34,81
05:46:39,74
05:46:44,69
05:46:49,66
05:46:54,65
05:46:59,65
05:47:14,66
05:47:19,67
05:47:24,68
05:47:29,69
05:47:34,70
05:47:39,69
05:47:49,70
05:47:54,72
05:47:59,73
05:48:04,71
05:48:19,71
05:48:24,72
05:48:29,73
05:48:34,70
05:48:44,72
05:48:49,75
05:48:54,73
05:48:59,71
05:49:09,70
05:49:14,71
05:49:29,71
05:49:34,69
05:49:39,68
05:49:49,69
05:50:04,69
05:50:05,69
05:50:10,70
05:50:15,71
05:50:30,71
05:50:35,72
05:50:40,73
05:50:50,74
05:51:05,74
05:51:10,75
05:51:15,76
05:51:30,76
05:51:35,77
05:51:40,79
05:51:45,77
05:51:50,75
05:52:00,76
05:52:05,75
05:52:10,71
05:52:15,67
05:52:20,68
05:52:25,70
05:52:30,72
05:52:35,74
05:52:40,73
05:52:45,72
05:52:50,73
05:52:55,74
05:53:00,72
05:53:10,73
05:53:20,74
05:53:25,75
05:53:30,74
05:53:35,72
05:53:45,74
05:53:50,75
05:53:55,74
05:54:05,76
05:54:10,74
05:54:15,72
05:54:20,71
05:54:25,70
05:54:30,70
05:54:35,70
05:54:40,71
05:54:45,73
05:54:50,74
05:54:55,75
05:55:00,76
05:55:05,72
05:55:10,69
05:55:15,70
05:55:20,71
05:55:25,70
05:55:35,71
05:55:40,73
05:55:45,74
05:55:50,75
05:55:55,75
05:56:00,71
05:56:05,69
05:56:10,68
05:56:15,68
05:56:25,69
05:56:35,70
05:56:45,71
05:56:50,73
05:56:55,79
05:57:00,83
05:57:05,78
05:57:10,74
05:57:15,75
05:57:20,75
05:57:35,75
05:57:40,81
05:57:45,100
05:57:50,97
05:57:55,85
05:58:00,75
05:58:05,71
05:58:10,70
05:58:25,68
05:58:30,66
05:58:35,65
05:58:45,66
05:58:55,67
05:59:05,66
05:59:20,67
05:59:25,69
05:59:30,70
05:59:35,71
05:59:40,72
05:59:45,73
05:59:50,74
05:59:55,73
06:00:00,72
06:00:05,71
06:00:10,70
06:00:20,71
06:00:30,72
06:00:35,73
06:00:40,74
06:00:45,75
06:00:55,74
06:01:00,72
06:01:05,72
06:01:15,74
06:01:20,75
06:01:25,74
06:01:30,73
06:01:40,74
06:01:45,75
06:01:50,76
06:02:00,75
06:02:05,74
06:02:10,73
06:02:25,73
06:02:40,73
06:02:45,74
06:02:50,75
06:02:55,74
06:03:10,72
06:03:25,73
06:03:40,74
06:03:50,72
06:04:00,73
06:04:10,74
06:04:15,72
06:04:25,73
06:04:35,72
06:04:45,73
06:04:50,74
06:04:56,74
06:05:06,76
06:05:16,75
06:05:26,74
06:05:36,75
06:05:41,76
06:05:46,77
06:05:51,76
06:05:56,75
06:06:01,74
06:06:11,75
06:06:21,76
06:06:26,77
06:06:31,78
06:06:36,77
06:06:51,76
06:07:01,77
06:07:06,78
06:07:11,79
06:07:16,78
06:07:21,76
06:07:36,76
06:07:51,76
06:07:56,77
06:08:01,76
06:08:11,75
06:08:16,73
06:08:21,73
06:08:26,74
06:08:31,73
06:08:41,74
06:08:51,75
06:08:56,74
06:09:01,75
06:09:06,76
06:09:21,76
06:09:31,75
06:09:36,74
06:09:41,75
06:09:46,77
06:09:56,78
06:10:01,77
06:10:06,75
06:10:11,74
06:10:21,75
06:10:26,76
06:10:31,77
06:10:46,78
06:10:56,79
06:11:01,80
06:11:06,79
06:11:11,78
06:11:16,77
06:11:31,77
06:11:36,75
06:11:51,76
06:11:56,77
06:12:06,78
06:12:11,79
06:12:26,79
06:12:36,78
06:12:46,77
06:13:01,77
06:13:11,79
06:13:16,77
06:13:21,72
06:13:31,73
06:13:36,74
06:13:41,75
06:13:46,77
06:14:01,77
06:14:06,78
06:14:16,77
06:14:31,78
06:14:46,78
06:15:01,78
06:15:06,79
06:15:16,78
06:15:21,77
06:15:26,78
06:15:31,79
06:15:36,79
06:15:41,80
06:15:46,79
06:16:01,79
06:16:06,78
06:16:11,77
06:16:16,73
06:16:26,75
06:16:31,77
06:16:36,79
06:16:41,80
06:16:46,79
06:16:51,78
06:17:06,78
06:17:16,77
06:17:21,75
06:17:31,74
06:17:41,75
06:17:46,76
06:17:56,78
06:18:06,77
06:18:11,78
06:18:16,79
06:18:21,80
06:18:31,77
06:18:36,74
06:18:41,75
06:18:46,77
06:18:51,78
06:19:06,78
06:19:11,77
06:19:16,74
06:19:31,75
06:19:36,76
06:19:51,76
06:19:56,77
06:20:01,76
06:20:06,73
06:20:16,75
06:20:21,77
06:20:26,78
06:20:31,77
06:20:46,78
06:20:51,79
06:20:56,80
06:21:11,80
06:21:26,80
06:21:41,80
06:21:46,80
06:21:51,81
06:21:56,81
06:22:01,80
06:22:16,80
06:22:21,79
06:22:27,78
06:22:32,77
06:22:42,78
06:22:47,79
06:22:52,80
06:22:57,79
06:23:12,80
06:23:22,79
06:23:27,78
06:23:32,79
06:23:37,80
06:23:47,81
06:23:52,80
06:24:02,81
06:24:07,79
06:24:12,76
06:24:17,74
06:24:27,76
06:24:32,78
06:24:37,79
06:24:47,78
06:25:02,78
06:25:12,79
06:25:27,79
06:25:32,78
06:25:37,77
06:25:42,76
06:25:47,77
06:25:52,78
06:25:57,77
06:26:12,77
06:26:27,77
06:26:32,74
06:26:42,75
06:26:47,77
06:26:52,79
06:26:57,81
06:27:02,84
06:27:07,81
06:27:12,79
06:27:17,76
06:27:22,74
06:27:27,70
06:27:32,71
06:27:37,72
06:27:42,73
06:27:57,78
06:28:02,95
06:28:12,88
06:28:17,78
06:28:22,70
06:28:27,69
06:28:32,68
06:28:42,66
06:28:47,65
06:29:02,65
06:29:07,64
06:29:12,63
06:29:17,64
06:29:22,65
06:29:27,66
06:29:32,68
06:29:42,69
06:29:52,70
06:29:57,67
06:30:02,65
06:30:07,66
06:30:22,67
06:30:27,69
06:30:32,70
06:30:37,71
06:30:47,70
06:30:52,69
06:31:02,70
06:31:07,72
06:31:17,73
06:31:22,72
06:31:27,71
06:31:32,71
06:31:37,70
06:31:47,71
06:32:02,72
06:32:17,73
06:32:22,74
06:32:27,75
06:32:32,76
06:32:37,77
06:32:42,76
06:32:47,75
06:32:52,76
06:32:57,77
06:33:12,76
06:33:27,76
06:33:37,75
06:33:42,73
06:33:47,71
06:33:52,72
06:33:57,73
06:34:02,74
06:34:12,75
06:34:17,74
06:34:22,73
06:34:32,74
06:34:37,72
06:34:42,70
06:34:47,70
06:34:52,71
06:34:57,72
06:35:07,71
06:35:12,68
06:35:17,69
06:35:22,70
06:35:37,70
06:35:47,71
06:35:52,72
06:36:02,73
06:36:17,74
06:36:32,73
06:36:42,72
06:36:47,71
06:36:57,72
06:37:02,73
06:37:07,74
06:37:12,74
06:37:22,72
06:37:27,69
06:37:32,68
06:37:37,70
06:37:42,72
06:37:47,73
06:37:57,72
06:38:02,71
06:38:07,70
06:38:17,72
06:38:22,73
06:38:27,72
06:38:37,73
06:38:47,75
06:38:52,76
06:38:57,77
06:39:02,76
06:39:07,76
06:39:12,75
06:39:17,72
06:39:22,70
06:39:27,71
06:39:32,71
06:39:37,70
06:39:47,71
06:39:52,72
06:39:57,73
06:40:07,74
06:40:12,74
06:40:17,72
06:40:22,71
06:40:32,72
06:40:37,74
06:40:42,75
06:40:47,74
06:40:53,74
06:41:03,75
06:41:08,73
06:41:13,72
06:41:23,74
06:41:28,79
06:41:33,74
06:41:38,69
06:41:48,70
06:41:53,72
06:41:58,74
06:42:08,72
06:42:18,74
06:42:28,75
06:42:33,74
06:42:48,75
06:42:58,74
06:43:03,75
06:43:08,76
06:43:13,82
06:43:18,83
06:43:23,78
06:43:28,73
06:43:38,74
06:43:43,72
06:43:48,68
06:43:53,66
06:43:58,65
06:44:08,66
06:44:13,69
06:44:18,71
06:44:23,69
06:44:28,66
06:44:38,68
06:44:43,70
06:44:48,70
06:44:53,68
06:44:58,65
06:45:03,64
06:45:08,66
06:45:13,68
06:45:18,69
06:45:23,70
06:45:28,74
06:45:38,69
06:45:48,68
06:46:03,69
06:46:08,72
06:46:18,73
06:46:23,72
06:46:28,71
06:46:43,69
06:46:53,68
06:47:03,70
06:47:08,73
06:47:13,74
06:47:18,75
06:47:23,74
06:47:38,72
06:47:48,73
06:47:53,75
06:47:58,74
06:48:03,71
06:48:08,69
06:48:13,69
06:48:18,68
06:48:23,67
06:48:33,68
06:48:38,70
06:48:43,71
06:48:48,72
06:48:53,74
06:49:08,74
06:49:18,75
06:49:23,74
06:49:38,75
06:49:53,75
06:50:08,76
06:50:23,76
06:50:28,77
06:50:33,77
06:50:38,77
06:50:43,75
06:50:48,74
06:50:53,76
06:50:58,77
06:51:08,74
06:51:13,71
06:51:18,68
06:51:23,65
06:51:28,66
06:51:33,68
06:51:38,70
06:51:43,71
06:51:48,72
06:51:53,74
06:51:58,75
06:52:03,76
06:52:08,75
06:52:13,75
06:52:18,75
06:52:23,73
06:52:33,72
06:52:38,71
06:52:48,73
06:52:53,75
06:52:58,75
06:53:03,74
06:53:08,71
06:53:13,67
06:53:18,68
06:53:23,70
06:53:33,65
06:53:38,64
06:53:43,66
06:53:48,69
06:53:53,70
06:53:58,69
06:54:03,68
06:54:08,69
06:54:13,72
06:54:18,74
06:54:23,75
06:54:38,88
06:54:43,93
06:54:48,94
06:54:53,92
06:54:58,83
06:55:03,76
06:55:08,72
06:55:13,71
06:55:28,70
06:55:33,68
06:55:38,68
06:55:43,70
06:55:48,71
06:55:53,69
06:56:03,71
06:56:13,68
06:56:18,66
06:56:28,68
06:56:33,70
06:56:38,72
06:56:43,75
06:56:48,74
06:56:53,70
06:56:58,67
06:57:08,69
06:57:13,71
06:57:18,74
06:57:28,72
06:57:33,71
06:57:38,74
06:57:43,78
06:57:48,76
06:57:53,70
06:57:58,69
06:58:03,69
06:58:08,71
06:58:13,73
06:58:19,75
06:58:29,72
06:58:34,72
06:58:39,74
06:58:44,76
06:58:59,76
06:59:04,76
06:59:09,75
06:59:14,74
06:59:24,72
06:59:34,75
06:59:39,78
06:59:44,79
06:59:49,78
06:59:54,79
06:59:59,80
07:00:04,82
07:00:09,83
07:00:14,84
07:00:19,85
07:00:24,84
07:00:29,85
07:00:34,85
07:00:39,82
07:00:44,83
07:00:49,85
07:00:54,83
07:00:59,76
07:01:04,75
07:01:09,74
07:01:14,75
07:01:19,72
07:01:24,72
07:01:29,73
07:01:44,80
07:01:49,94
07:01:54,91
07:01:59,80
07:02:04,73
07:02:09,71
07:02:14,70
07:02:19,72
07:02:24,74
07:02:29,76
07:02:34,78
07:02:49,79
07:02:54,80
07:02:59,81
07:03:04,81
07:03:09,79
07:03:14,72
07:03:19,70
07:03:24,71
07:03:29,73
07:03:34,74
07:03:44,77
07:03:54,78
07:03:59,80
07:04:04,79
07:04:09,79
07:04:14,76
07:04:19,74
07:04:34,77
07:04:39,80
07:04:49,79
07:04:54,77
07:04:59,75
07:05:04,73
07:05:14,72
07:05:19,73
07:05:24,75
07:05:34,79
07:05:39,81
07:05:49,82
07:05:54,81
07:06:04,82
07:06:09,83
07:06:14,85
07:06:19,85
07:06:24,84
07:06:29,79
07:06:34,72
07:06:39,66
07:06:44,65
07:06:49,66
07:06:54,68
07:06:59,72
07:07:04,74
07:07:09,77
07:07:14,80
07:07:19,82
07:07:24,84
07:07:29,86
07:07:34,88
07:07:39,89
07:07:44,89
07:07:49,89
07:07:54,88
07:07:59,89
07:08:09,86
07:08:14,85
07:08:19,84
07:08:24,85
07:08:29,87
07:08:34,87
07:08:44,85
07:08:49,80
07:08:54,75
07:08:59,75
07:09:04,76
07:09:09,75
07:09:14,73
07:09:19,76
07:09:24,78
07:09:29,79
07:09:34,80
07:09:39,79
07:09:44,76
07:09:54,78
07:09:59,80
07:10:09,81
07:10:19,83
07:10:24,85
07:10:29,83
07:10:34,77
07:10:39,79
07:10:49,79
07:10:59,81
07:11:04,80
07:11:09,78
07:11:14,77
07:11:19,77
07:11:24,76
07:11:29,75
07:11:44,75
07:11:49,77
07:11:54,80
07:11:59,83
07:12:09,85
07:12:14,86
07:12:29,86
07:12:34,87
07:12:39,89
07:12:44,90
07:12:49,91
07:12:54,91
07:12:59,86
07:13:04,79
07:13:09,80
07:13:14,79
07:13:24,80
07:13:39,80
07:13:44,82
07:13:54,84
07:14:04,81
07:14:09,77
07:14:19,78
07:14:34,78
07:14:45,80
07:14:50,83
07:15:00,81
07:15:05,80
07:15:10,83
07:15:15,85
07:15:20,84
07:15:30,83
07:15:35,83
07:15:40,79
07:15:45,80
07:15:50,79
07:15:55,78
07:16:00,79
07:16:05,81
07:16:10,82
07:16:15,81
07:16:25,81
07:16:30,78
07:16:35,75
07:16:45,77
07:16:50,79
07:16:55,76
07:17:00,73
07:17:05,74
07:17:10,75
07:17:20,76
07:17:25,76
07:17:35,77
07:17:40,79
07:17:45,82
07:17:50,84
07:17:55,87
07:18:00,89
07:18:10,88
07:18:25,88
07:18:40,87
07:18:50,88
07:18:55,89
07:19:00,90
07:19:05,91
07:19:10,90
07:19:20,92
07:19:25,95
07:19:30,94
07:19:35,92
07:19:40,91
07:19:45,90
07:19:50,88
07:19:55,87
07:20:05,86
07:20:10,88
07:20:15,90
07:20:20,91
07:20:25,91
07:20:30,92
07:20:45,93
07:20:50,94
07:20:55,93
07:21:05,90
07:21:10,85
07:21:15,83
07:21:25,84
07:21:30,85
07:21:40,86
07:21:45,88
07:21:50,89
07:21:55,88
07:22:00,89
07:22:05,88
07:22:10,83
07:22:15,77
07:22:25,79
07:22:35,77
07:22:50,78
07:22:55,79
07:23:00,80
07:23:05,81
07:23:15,82
07:23:25,81
07:23:30,84
07:23:35,81
07:23:40,77
07:23:45,76
07:24:00,77
07:24:05,78
07:24:10,80
07:24:20,79
07:24:25,76
07:24:30,75
07:24:35,76
07:24:40,77
07:24:45,79
07:24:50,80
07:24:55,81
07:25:00,82
07:25:05,84
07:25:10,87
07:25:15,88
07:25:25,83
07:25:30,81
07:25:35,83
07:25:40,82
07:25:45,81
07:25:55,82
07:26:00,85
07:26:05,87
07:26:20,90
07:26:25,90
07:26:30,88
07:26:35,86
07:26:40,83
07:26:45,80
07:27:00,79
07:27:10,80
07:27:25,82
07:27:30,84
07:27:35,86
07:27:40,87
07:27:45,88
07:27:55,87
07:28:00,85
07:28:05,82
07:28:10,83
07:28:15,84
07:28:20,82
07:28:25,81
07:28:30,81
07:28:40,80
07:28:45,76
07:28:50,74
07:28:55,75
07:29:00,76
07:29:05,77
07:29:10,76
07:29:15,80
07:29:20,82
07:29:25,81
07:29:40,83
07:29:55,84
07:30:05,84
07:30:10,81
07:30:15,81
07:30:20,78
07:30:25,78
07:30:30,79
07:30:35,75
07:30:40,73
07:30:45,74
07:30:55,76
07:31:00,78
07:31:05,80
07:31:10,82
07:31:15,80
07:31:20,79
07:31:25,80
07:31:30,81
07:31:40,82
07:31:45,83
07:31:55,84
07:32:05,82
07:32:10,83
07:32:16,83
07:32:21,82
07:32:31,81
07:32:36,80
07:32:41,81
07:32:51,77
07:33:06,78
07:33:11,79
07:33:16,81
07:33:26,84
07:33:31,86
07:33:41,85
07:33:51,86
07:33:56,87
07:34:01,86
07:34:06,87
07:34:11,88
07:34:16,83
07:34:26,82
07:34:31,82
07:34:36,83
07:34:46,79
07:34:51,78
07:34:56,76
07:35:11,76
07:35:16,77
07:35:21,79
07:35:26,76
07:35:31,70
07:35:36,72
07:35:41,73
07:35:46,72
07:35:51,72
07:36:01,73
07:36:06,75
07:36:11,78
07:36:16,80
07:36:21,81
07:36:26,83
07:36:41,86
07:36:46,87
07:36:51,86
07:36:56,85
07:37:01,83
07:37:11,84
07:37:21,84
07:37:31,83
07:37:36,80
07:37:46,78
07:37:51,75
07:37:56,74
07:38:11,73
07:38:16,74
07:38:31,77
07:38:36,79
07:38:41,80
07:38:46,78
07:38:51,75
07:38:56,72
07:39:01,69
07:39:06,71
07:39:11,73
07:39:16,76
07:39:21,78
07:39:26,80
07:39:31,78
07:39:36,76
07:39:41,77
07:39:46,78
07:39:51,76
07:39:56,73
07:40:01,73
07:40:06,73
07:40:11,74
07:40:16,76
07:40:21,77
07:40:26,79
07:40:31,81
07:40:36,82
07:40:41,83
07:40:51,82
07:40:56,81
07:41:01,80
07:41:06,72
07:41:11,67
07:41:16,66
07:41:26,67
07:41:31,68
07:41:36,70
07:41:41,71
07:41:46,67
07:41:51,63
07:41:56,64
07:42:01,65
07:42:06,68
07:42:11,67
07:42:16,66
07:42:26,67
07:42:31,69
07:42:36,72
07:42:41,75
07:42:46,77
07:42:51,75
07:43:01,77
07:43:06,79
07:43:11,81
07:43:16,82
07:43:21,84
07:43:26,84
07:43:31,85
07:43:36,86
07:43:46,85
07:43:51,87
07:43:56,86
07:44:01,84
07:44:11,85
07:44:21,86
07:44:31,84
07:44:36,84
07:44:41,89
07:44:46,85
07:44:51,78
07:44:56,73
07:45:01,74
07:45:06,75
07:45:11,80
07:45:16,89
07:45:21,90
07:45:26,94
07:45:31,100
07:45:36,94
07:45:41,85
07:45:46,83
07:45:51,76
07:45:56,72
07:46:01,73
07:46:06,71
07:46:11,70
07:46:16,69
07:46:26,68
07:46:31,69
07:46:36,68
07:46:46,70
07:46:51,71
07:47:01,71
07:47:11,68
07:47:16,68
07:47:21,72
07:47:26,74
07:47:31,75
07:47:41,77
07:47:46,75
07:47:51,72
07:47:56,69
07:48:01,68
07:48:06,69
07:48:11,72
07:48:16,75
07:48:26,76
07:48:36,73
07:48:42,72
07:48:47,71
07:48:57,70
07:49:02,69
07:49:07,68
07:49:22,69
07:49:27,71
07:49:32,71
07:49:37,70
07:49:42,66
07:49:57,67
07:50:02,67
07:50:07,68
07:50:12,70
07:50:17,72
07:50:27,73
07:50:37,74
07:50:47,73
07:50:57,75
07:51:02,76
07:51:07,77
07:51:12,76
07:51:17,77
07:51:22,76
07:51:37,76
07:51:52,76
07:51:57,77
07:52:02,77
07:52:07,78
07:52:12,79
07:52:17,80
07:52:27,82
07:52:32,80
07:52:37,75
07:52:42,71
07:52:47,68
07:52:52,69
07:53:07,71
07:53:22,71
07:53:27,73
07:53:32,75
07:53:42,77
07:53:47,79
07:53:52,80
07:54:07,80
07:54:12,81
07:54:17,82
07:54:27,83
07:54:37,82
07:54:42,83
07:54:47,84
07:54:57,83
07:55:07,84
07:55:17,85
07:55:22,86
07:55:32,78
07:55:37,75
07:55:52,76
07:55:57,91
07:56:02,95
07:56:07,83
07:56:12,75
07:56:17,70
07:56:22,68
07:56:27,68
07:56:42,67
07:56:47,66
07:56:57,67
07:57:02,69
07:57:07,71
07:57:12,73
07:57:17,72
07:57:22,68
07:57:27,63
07:57:32,64
07:57:37,69
07:57:42,68
07:57:47,67
07:57:52,67
07:57:57,72
07:58:02,73
07:58:07,73
07:58:12,69
07:58:17,67
07:58:22,65
07:58:27,66
07:58:37,67
07:58:42,68
07:58:47,69
07:58:52,70
07:58:57,72
07:59:02,73
07:59:07,74
07:59:12,76
07:59:17,75
07:59:22,69
07:59:27,65
07:59:32,63
07:59:37,62
07:59:42,63
07:59:47,64
07:59:52,65
08:00:02,66
08:00:07,67
08:00:22,67
08:00:27,67
08:00:37,76
08:00:42,83
08:00:52,82
08:01:07,83
08:01:12,82
08:01:22,83
08:01:27,84
08:01:32,79
08:01:37,72
08:01:42,68
08:01:47,65
08:02:02,65
08:02:07,66
08:02:12,64
08:02:27,65
08:02:32,69
08:02:42,66
08:02:47,62
08:02:57,65
08:03:02,66
08:03:12,65
08:03:17,64
08:03:32,66
08:03:37,67
08:03:42,68
08:03:47,65
08:03:52,63
08:03:57,63
08:04:07,63
08:04:12,64
08:04:22,65
08:04:37,65
08:04:42,68
08:04:47,69
08:04:57,70
08:05:02,69
08:05:07,68
08:05:12,69
08:05:17,67
08:05:22,64
08:05:27,66
08:05:32,70
08:05:37,70
08:05:42,67
08:05:47,68
08:05:52,70
08:05:57,68
08:06:02,67
08:06:07,68
08:06:17,70
08:06:22,74
08:06:27,75
08:06:33,72
08:06:38,69
08:06:43,68
08:06:48,67
08:06:53,66
08:06:58,69
08:07:03,71
08:07:08,71
08:07:13,72
08:07:18,74
08:07:23,75
08:07:28,77
08:07:33,75
08:07:38,72
08:07:43,68
08:07:48,67
08:07:58,69
08:08:03,73
08:08:08,74
08:08:18,76
08:08:23,77
08:08:28,75
08:08:33,74
08:08:38,69
08:08:43,65
08:08:48,66
08:08:53,70
08:08:58,72
08:09:03,71
08:09:08,74
08:09:13,76
08:09:18,74
08:09:23,72
08:09:28,73
08:09:33,69
08:09:38,67
08:09:43,67
08:09:48,66
08:09:53,68
08:09:58,72
08:10:03,74
08:10:08,72
08:10:18,71
08:10:28,73
08:10:33,74
08:10:38,69
08:10:43,67
08:10:48,70
08:10:53,72
08:10:58,72
08:11:08,70
08:11:13,69
08:11:18,68
08:11:23,69
08:11:28,74
08:11:33,76
08:11:38,78
08:11:43,80
08:11:48,81
08:11:53,77
08:11:58,74
08:12:03,73
08:12:08,70
08:12:13,71
08:12:18,72
08:12:23,70
08:12:33,70
08:12:38,68
08:12:43,69
08:12:48,72
08:12:53,73
08:13:03,74
08:13:08,73
08:13:13,74
08:13:23,73
08:13:28,71
08:13:33,70
08:13:43,72
08:13:48,70
08:13:53,68
08:13:58,70
08:14:03,71
08:14:08,72
08:14:13,74
08:14:18,75
08:14:23,75
08:14:28,70
08:14:33,69
08:14:38,69
08:14:43,68
08:14:58,71
08:15:03,73
08:15:08,75
08:15:13,76
08:15:18,79
08:15:23,76
08:15:28,71
08:15:38,76
08:15:43,77
08:15:58,77
08:16:03,76
08:16:13,78
08:16:18,79
08:16:23,76
08:16:28,69
08:16:33,69
08:16:43,68
08:16:53,70
08:16:58,71
08:17:08,68
08:17:13,65
08:17:23,71
08:17:28,74
08:17:33,71
08:17:38,69
08:17:43,73
08:17:48,76
08:17:53,71
08:17:58,69
08:18:03,76
08:18:08,74
08:18:13,71
08:18:18,72
08:18:23,71
08:18:28,70
08:18:33,73
08:18:38,74
08:18:43,76
08:18:53,74
08:18:58,75
08:19:03,78
08:19:08,79
08:19:13,76
08:19:18,73
08:19:23,71
08:19:28,73
08:19:33,75
08:19:38,73
08:19:43,70
08:19:48,69
08:19:53,72
08:20:03,69
08:20:08,71
08:20:13,72
08:20:18,79
08:20:23,78
08:20:28,74
08:20:33,73
08:20:43,69
08:20:48,75
08:20:53,76
08:20:58,75
08:21:03,71
08:21:13,74
08:21:18,76
08:21:23,77
08:21:28,79
08:21:33,78
08:21:38,75
08:21:43,71
08:21:48,72
08:21:58,71
08:22:03,72
08:22:08,75
08:22:13,71
08:22:28,71
08:22:33,75
08:22:38,74
08:22:43,73
08:22:48,74
08:22:53,77
08:23:03,77
08:23:08,79
08:23:13,79
08:23:18,81
08:23:23,80
08:23:28,78
08:23:33,74
08:23:38,74
08:23:48,72
08:23:53,71
08:23:58,71
08:24:03,70
08:24:08,71
08:24:13,72
08:24:23,72
08:24:28,73
08:24:38,74
08:24:44,76
08:24:49,75
08:24:54,74
08:24:59,78
08:25:04,79
08:25:09,80
08:25:24,80
08:27:15,67
08:27:20,65
08:27:25,62
08:27:30,59
08:27:35,58
08:27:40,60
08:27:45,61
08:27:50,64
08:27:55,65
08:28:00,67
08:28:05,68
08:28:10,69
08:28:15,73
08:28:20,74
08:28:25,73
08:28:30,69
08:28:35,65
08:28:40,61
08:28:45,65
08:28:50,70
08:29:00,67
08:29:05,65
08:29:10,74
08:29:15,75
08:29:25,75
08:29:30,79
08:29:35,81
08:29:40,79
08:29:45,78
08:29:50,77
08:29:55,75
08:30:00,71
08:30:05,73
08:30:10,76
08:30:15,77
08:30:20,79
08:30:25,78
08:30:30,74
08:30:45,74
08:30:55,73
08:31:00,65
08:31:05,63
08:31:10,65
08:31:15,67
08:31:20,69
08:31:30,68
08:31:35,70
08:31:40,76
08:31:45,81
08:31:50,79
08:31:55,75
08:32:00,75
08:32:05,75
08:32:10,72
08:32:15,68
08:32:20,65
08:32:25,64
08:32:30,65
08:32:35,64
08:32:40,66
08:32:45,71
08:32:50,74
08:32:55,75
08:33:00,76
08:33:05,77
08:33:10,79
08:33:15,84
08:33:25,80
08:33:30,77
08:33:35,75
08:33:40,71
08:33:45,69
08:33:50,73
08:33:55,76
08:34:00,78
08:34:05,77
08:34:15,75
08:34:20,73
08:34:25,76
08:34:30,78
08:34:35,78
08:34:50,75
08:34:55,76
08:35:10,76
08:35:20,78
08:35:25,81
08:35:30,83
08:35:35,84
08:35:40,82
08:35:50,77
08:35:55,77
08:36:05,76
08:36:10,77
08:36:15,82
08:36:30,82
08:36:35,81
08:36:45,79
08:36:50,69
08:36:55,70
08:37:00,73
08:37:05,74
08:37:10,73
08:37:15,70
08:37:20,71
08:37:25,74
08:37:35,72
08:37:40,72
08:37:45,69
08:37:50,66
08:37:55,67
08:38:00,70
08:38:05,69
08:38:10,73
08:38:15,77
08:38:20,78
08:38:25,79
08:38:30,78
08:38:35,74
08:38:40,73
08:38:45,72
08:38:50,70
08:38:55,73
08:39:00,70
08:39:05,72
08:39:10,76
08:39:15,79
08:39:20,80
08:39:35,80
08:39:40,78
08:39:45,74
08:39:50,74
08:40:05,74
08:40:11,70
08:40:16,71
08:40:21,70
08:40:26,67
08:40:31,68
08:40:36,70
08:40:41,69
08:40:46,67
08:40:51,71
08:40:56,79
08:41:01,79
08:41:06,78
08:41:11,75
08:41:16,73
08:41:31,72
08:41:36,69
08:41:41,68
08:41:46,69
08:41:51,70
08:41:56,71
08:42:01,70
08:42:06,68
08:42:11,71
08:42:16,75
08:42:21,74
08:42:26,73
08:42:31,71
08:42:36,70
08:42:41,74
08:42:51,71
08:42:56,70
08:43:01,71
08:43:06,72
08:43:11,73
08:43:16,74
08:43:26,75
08:43:36,74
08:43:41,77
08:43:46,74
08:43:51,70
08:43:56,68
08:44:01,73
08:44:06,75
08:44:11,77
08:44:16,79
08:44:21,81
08:44:26,80
08:44:31,71
08:44:36,74
08:44:41,77
08:44:46,79
08:44:51,82
08:44:56,83
08:45:01,84
08:45:06,87
08:45:11,84
08:45:16,85
08:45:21,81
08:45:26,75
08:45:31,68
08:45:36,65
08:45:41,62
08:45:51,61
08:45:56,62
08:46:06,63
08:46:21,64
08:46:26,66
08:46:31,67
08:46:36,66
08:46:41,64
08:46:46,66
08:46:51,71
08:47:01,72
08:47:06,71
08:47:11,74
08:47:16,78
08:47:21,81
08:47:31,83
08:47:36,84
08:47:41,86
08:47:46,85
08:47:51,80
08:48:06,78
08:48:11,74
08:48:16,75
08:48:21,74
08:48:26,73
08:48:36,72
08:48:41,73
08:48:46,71
08:48:51,72
08:48:56,74
08:49:01,72
08:49:06,68
08:49:11,67
08:49:16,71
08:49:21,73
08:49:26,72
08:49:31,65
08:49:36,62
08:49:41,66
08:49:46,75
08:49:51,80
08:49:56,82
08:50:01,83
08:50:06,83
08:50:16,84
08:50:31,88
08:50:36,90
08:50:41,86
08:50:56,86
08:51:11,86
08:51:16,87
08:51:31,86
08:51:41,85
08:51:46,84
08:51:51,83
08:51:56,82
08:52:11,81
08:52:26,81
08:52:31,80
08:52:36,79
08:52:51,78
08:53:06,78
08:53:21,77
08:53:26,78
08:53:41,79
08:54:44,70
08:54:54,74
08:54:59,80
08:55:09,81
08:55:14,80
08:55:19,79
08:55:34,78
08:55:44,79
08:55:59,79
08:56:09,78
08:56:14,76
08:56:19,71
08:56:34,71
08:56:49,71
08:56:54,72
08:56:59,75
08:57:04,73
08:57:09,70
08:57:24,71
08:57:39,71
08:57:44,72
08:57:49,74
08:57:54,73
08:58:09,74
08:58:14,76
08:58:19,77
08:58:24,76
08:58:29,76
08:58:39,74
08:58:44,72
08:58:49,73
08:59:04,73
08:59:14,74
08:59:19,73
08:59:29,72
08:59:34,72
08:59:39,73
08:59:44,74
08:59:59,71
09:00:04,71
09:00:14,70
09:00:29,70
09:00:44,71
09:00:59,71
09:01:14,71
09:01:24,73
09:01:39,73
09:01:49,74
09:01:54,75
09:02:09,71
09:02:24,69
09:02:29,69
09:02:34,71
09:02:39,70
09:02:44,71
09:02:59,71
09:03:09,70
09:03:19,69
09:03:24,73
09:03:29,75
09:03:44,75
09:03:49,75
09:03:59,76
09:04:04,77
09:04:09,78
09:04:14,77
09:04:19,76
09:04:24,69
09:04:29,68
09:04:39,69
09:04:49,68
09:04:59,68
09:05:04,69
09:05:09,70
09:05:14,71
09:05:19,70
09:05:24,70
09:05:34,71
09:05:44,69
09:05:49,71
09:05:54,72
09:05:59,71
09:06:09,71
09:06:14,72
09:06:19,73
09:06:24,74
09:06:34,73
09:06:39,71
09:06:44,70
09:06:49,68
09:06:54,69
09:07:04,71
09:07:09,70
09:07:14,69
09:07:19,69
09:07:24,69
09:07:29,71
09:07:39,69
09:07:44,68
09:07:49,68
09:07:54,69
09:07:59,71
09:08:04,70
09:08:09,70
09:08:14,69
09:08:19,69
09:08:29,70
09:08:44,70
09:08:45,70
09:08:55,69
09:09:10,73
09:09:25,74
09:09:35,73
09:09:40,69
09:09:45,68
09:09:55,68
09:10:05,71
09:10:15,69
09:10:20,68
09:10:25,69
09:10:40,69
09:10:50,70
09:10:55,71
09:11:00,73
09:11:15,71
09:11:20,68
09:11:25,68
09:11:30,70
09:11:47,70
09:12:02,70
09:12:12,71
09:12:27,71
09:12:32,72
09:15:09,70
09:15:19,76
09:15:24,78
09:15:29,80
09:15:34,80
09:15:39,78
09:15:44,79
09:15:59,79
09:16:14,79
09:16:19,78
09:16:29,77
09:16:34,78
09:16:39,77
09:16:49,76
09:16:54,75
09:17:09,75
09:17:19,74
09:17:24,73
09:17:29,74
09:17:34,75
09:17:39,73
09:17:44,72
09:17:59,72
09:18:09,73
09:18:14,74
09:18:19,75
09:18:34,76
09:18:39,76
09:18:44,75
09:18:49,75
09:18:54,73
09:19:04,71
09:19:09,66
09:19:19,65
09:19:34,65
09:19:39,64
09:19:44,65
09:19:59,65
09:20:09,66
09:20:14,67
09:20:19,68
09:20:29,69
09:20:39,70
09:20:54,71
09:20:59,72
09:21:04,73
09:21:09,74
09:21:14,75
09:21:19,76
09:21:29,77
09:21:34,78
09:21:44,79
09:21:59,79
09:22:04,78
09:22:09,78
09:22:14,77
09:22:29,77
09:22:34,76
09:22:39,75
09:22:44,73
09:22:59,73
09:23:14,73
09:23:29,74
09:23:34,75
09:23:44,73
09:23:49,69
09:24:04,70
09:24:09,71
09:24:14,70
09:24:19,71
09:24:24,73
09:24:29,75
09:24:34,76
09:24:44,79
09:24:49,80
09:24:54,80
09:24:59,81
09:25:04,80
09:25:19,81
09:25:24,80
09:25:29,82
09:25:34,83
09:25:44,83
09:25:54,82
09:25:59,81
09:26:04,80
09:26:09,78
09:26:14,77
09:26:19,76
09:26:34,73
09:26:39,72
09:26:44,71
09:26:49,69
09:26:54,72
09:27:04,71
09:27:09,73
09:27:14,74
09:27:19,75
09:27:24,76
09:27:29,76
09:27:34,75
09:27:39,76
09:27:44,75
09:27:59,75
09:28:04,80
09:28:09,81
09:28:14,80
09:28:20,80
09:28:25,79
09:28:30,76
09:28:35,75
09:28:40,76
09:28:45,78
09:28:50,79
09:29:00,78
09:29:05,77
09:29:20,76
09:29:25,78
09:29:30,79
09:29:40,78
09:29:45,77
09:29:50,75
09:29:55,77
09:30:00,76
09:30:05,76
09:30:20,76
09:30:25,77
09:30:30,78
09:30:35,78
09:30:50,78
09:31:05,78
09:31:15,78
09:31:20,77
09:31:25,71
09:31:30,69
09:31:35,69
09:31:40,70
09:31:45,73
09:31:50,72
09:31:55,71
09:32:05,70
09:32:10,68
09:32:15,67
09:32:20,67
09:32:35,67
09:32:40,66
09:32:45,67
09:32:55,65
09:33:00,63
09:33:10,64
09:33:15,66
09:33:20,68
09:33:25,73
09:33:30,74
09:33:35,72
09:33:40,70
09:33:45,72
09:34:00,75
09:34:05,74
09:34:10,72
09:34:15,73
09:34:20,72
09:34:25,71
09:34:30,73
09:34:35,72
09:34:40,77
09:34:50,72
09:34:55,71
09:35:00,70
09:35:15,71
09:35:20,72
09:35:25,74
09:35:30,77
09:35:45,76
09:35:50,74
09:35:55,73
09:36:00,75
09:36:05,76
09:36:10,77
09:36:15,78
09:36:20,74
09:36:25,73
09:36:30,74
09:36:35,75
09:36:40,76
09:36:45,77
09:36:55,77
09:37:00,76
09:37:05,77
09:37:10,78
09:37:15,80
09:37:20,77
09:37:25,75
09:37:30,74
09:37:35,70
09:37:45,71
09:37:55,73
09:38:00,74
09:38:05,71
09:38:15,73
09:38:20,75
09:38:25,76
09:38:30,78
09:38:45,80
09:38:50,80
09:38:55,73
09:39:00,68
09:39:05,67
09:39:20,67
09:39:25,70
09:39:30,70
09:39:35,69
09:39:40,70
09:39:45,71
09:39:50,67
09:39:55,69
09:40:00,72
09:40:05,75
09:40:20,75
09:40:30,80
09:40:35,84
09:40:45,84
09:40:50,83
09:41:05,83
09:41:15,81
09:41:20,80
09:41:35,80
09:41:50,80
09:43:23,76
09:43:28,77
09:43:33,78
09:43:38,79
09:43:43,80
09:43:58,84
09:44:03,93
09:44:08,90
09:44:13,84
09:44:18,79
09:44:23,76
09:44:28,73
09:44:38,72
09:44:48,74
09:44:53,75
09:44:58,76
09:45:13,76
09:45:18,82
09:45:28,81
09:45:33,83
09:45:38,85
09:45:53,85
09:45:58,84
09:46:03,84
09:46:08,85
09:46:14,85
09:46:19,84
09:46:24,85
09:46:29,82
09:46:34,78
09:46:39,76
09:46:44,77
09:46:49,81
09:46:54,82
09:46:59,83
09:47:04,82
09:47:09,79
09:47:14,81
09:47:19,83
09:47:24,85
09:47:29,87
09:47:44,88
09:47:49,95
09:47:54,96
09:47:59,89
09:48:04,80
09:48:09,77
09:48:14,72
09:48:19,70
09:48:24,71
09:48:29,77
09:48:34,79
09:48:49,79
09:48:59,80
09:49:14,80
09:49:24,84
09:49:29,89
09:49:44,89
09:49:59,89
09:50:14,89
09:50:29,95
09:50:34,106
09:50:39,107
09:50:54,107
09:50:59,107
09:51:14,107
09:51:19,108
09:51:24,109
09:51:39,109
09:51:49,112
09:51:54,113
09:52:09,113
09:52:14,114
09:52:29,114
09:52:44,114
09:52:54,114
09:52:59,114
09:53:04,114
09:53:09,113
09:53:14,121
09:53:19,124
09:53:34,124
09:53:44,121
09:53:49,120
09:53:54,122
09:53:59,129
09:54:04,130
09:54:09,126
09:54:19,127
09:54:24,125
09:54:29,124
09:54:34,125
09:54:39,124
09:54:44,125
09:54:49,127
09:54:54,129
09:54:59,131
09:55:14,131
09:55:29,129
09:55:34,128
09:55:49,126
09:55:59,127
09:56:09,128
09:56:14,129
09:56:19,133
09:56:24,134
09:56:29,129
09:56:34,127
09:56:39,127
09:56:44,124
09:56:49,120
09:56:54,116
09:56:59,114
09:57:14,114
09:57:19,119
09:57:24,125
09:57:29,132
09:57:34,139
09:57:39,144
09:57:44,148
09:57:54,149
09:57:59,152
09:58:04,153
09:58:09,154
09:58:14,160
09:58:19,166
09:58:24,169
09:58:29,166
09:58:34,168
09:58:39,170
09:58:44,176
09:58:49,178
09:58:54,180
09:58:59,184
09:59:04,186
09:59:09,185
09:59:14,183
09:59:24,180
09:59:29,181
09:59:44,181
09:59:54,180
09:59:59,178
10:00:04,172
10:00:09,170
10:00:14,171
10:00:19,172
10:00:29,174
10:00:34,175
10:00:44,174
10:00:49,170
10:00:54,167
10:01:04,166
10:01:09,164
10:01:14,163
10:01:19,162
10:01:24,161
10:01:29,159
10:01:35,151
10:01:40,136
10:01:45,133
10:01:50,131
10:02:05,131
10:02:10,130
10:02:15,127
10:02:20,119
10:02:25,107
10:02:30,105
10:02:35,104
10:02:40,105
10:02:45,106
10:02:50,105
10:02:55,106
10:03:00,107
10:03:05,108
10:03:10,117
10:03:15,116
10:03:20,110
10:03:25,106
10:03:30,107
10:03:35,106
10:03:40,105
10:03:45,106
10:03:55,105
10:04:00,110
10:04:05,107
10:04:10,105
10:04:20,103
10:04:25,106
10:04:30,108
10:04:40,106
10:04:45,104
10:04:50,108
10:04:55,110
10:05:00,105
10:05:05,101
10:05:10,103
10:05:15,105
10:05:20,107
10:05:25,108
10:05:30,104
10:05:35,102
10:05:50,101
10:06:00,102
10:06:15,102
10:06:25,103
10:06:30,106
10:06:35,105
10:06:40,101
10:06:45,101
10:06:50,106
10:06:55,110
10:07:00,111
10:07:05,110
10:07:10,109
10:07:20,106
10:07:25,100
10:07:30,99
10:07:35,98
10:07:40,97
10:07:55,97
10:08:00,98
10:08:05,96
10:08:10,97
10:08:15,99
10:08:20,99
10:08:35,99
10:08:40,97
10:08:45,95
10:08:50,97
10:08:55,99
10:09:00,100
10:09:05,97
10:09:10,98
10:09:15,98
10:09:30,97
10:09:35,99
10:09:40,101
10:09:45,100
10:09:55,101
10:10:00,107
10:10:05,104
10:10:10,102
10:10:15,102
10:10:25,101
10:10:30,98
10:10:35,99
10:10:40,98
10:10:45,97
10:10:50,96
10:11:00,97
10:11:05,98
10:11:10,103
10:11:15,107
10:11:20,105
10:11:25,104
10:11:30,104
10:11:40,103
10:11:45,99
10:11:55,100
10:12:00,99
10:12:05,96
10:12:10,94
10:12:15,94
10:12:20,95
10:12:25,96
10:12:35,102
10:12:40,100
10:12:45,98
10:13:00,98
10:13:05,100
10:13:10,101
10:13:15,102
10:13:20,101
10:13:25,100
10:13:30,99
10:13:35,97
10:13:40,98
10:13:55,98
10:14:05,102
10:14:10,104
10:14:15,105
10:14:30,106
10:14:40,105
10:14:50,103
10:15:00,104
10:15:10,106
10:15:15,108
10:15:20,109
10:15:30,108
10:15:35,107
10:15:40,108
10:15:50,107
10:15:55,101
10:16:00,94
10:16:15,93
10:16:20,89
10:16:25,94
10:16:30,96
10:16:35,97
10:16:40,96
10:16:45,95
10:16:50,96
10:16:55,98
10:17:10,98
10:17:20,97
10:17:35,97
10:17:50,97
10:18:00,98
10:18:10,98
10:18:20,96
10:18:25,95
10:18:40,95
10:18:45,96
10:18:55,95
10:19:00,97
10:19:05,99
10:19:11,99
10:19:26,99
10:19:31,97
10:19:46,97
10:19:51,98
10:20:06,98
10:20:21,97
10:20:26,96
10:20:31,96
10:20:36,95
10:20:41,93
10:20:51,94
10:20:56,98
10:21:01,99
10:21:06,97
10:21:11,95
10:21:16,95
10:21:26,96
10:21:41,96
10:21:46,97
10:21:56,95
10:22:06,94
10:22:11,93
10:22:16,91
10:22:21,90
10:22:26,91
10:22:41,90
10:22:46,90
10:22:51,92
10:23:06,93
10:23:16,90
10:23:26,91
10:23:41,92
10:23:46,91
10:23:51,91
10:23:56,92
10:24:01,93
10:24:06,92
10:24:21,93
10:24:26,94
10:24:41,94
10:24:51,95
10:24:56,96
10:25:01,94
10:25:16,94
10:25:26,94
10:25:31,95
10:25:36,95
10:25:46,95
10:25:56,95
10:26:06,94
10:26:11,93
10:26:21,94
10:26:36,94
10:26:41,94
10:26:56,94
10:27:11,94
10:27:16,95
10:27:31,95
10:27:36,108
10:27:41,105
10:27:46,104
10:27:51,104
10:28:06,104
10:28:16,95
10:28:21,96
10:28:31,97
10:28:36,104
10:28:41,106
10:28:46,105
10:28:51,107
10:28:56,106
10:29:01,111
10:29:06,109
10:29:11,98
10:29:16,94
10:29:21,95
10:29:26,93
10:29:31,89
10:29:36,87
10:29:41,90
10:29:46,95
10:29:51,95
10:29:56,98
10:30:01,99
10:30:11,98
10:30:21,99
10:30:26,97
10:30:41,97
10:30:46,96
10:30:51,97
10:31:06,97
10:31:16,98
10:31:21,99
10:31:31,98
10:31:36,97
10:31:51,97
10:31:56,98
10:32:01,99
10:32:11,98
10:32:16,94
10:32:26,95
10:32:41,92
10:32:46,91
10:33:01,91
10:33:06,92
10:33:11,93
10:33:16,94
10:33:21,95
10:33:36,95
10:33:41,96
10:33:46,94
10:33:56,95
10:34:11,94
10:34:16,92
10:34:21,95
10:34:26,94
10:34:31,93
10:34:41,92
10:34:56,91
10:35:01,88
10:35:06,88
10:35:16,87
10:35:21,85
10:35:36,85
10:35:51,87
10:36:01,88
10:36:06,90
10:36:16,92
10:36:26,93
10:36:41,93
10:36:42,93
10:36:47,95
10:36:52,96
10:36:57,94
10:37:02,88
10:37:07,87
10:37:17,88
10:37:27,87
10:37:42,87
10:37:52,83
10:37:57,82
10:38:12,82
10:38:27,82
10:38:32,83
10:38:37,84
10:38:42,85
10:38:57,85
10:39:02,80
10:39:12,87
10:39:17,88
10:39:22,87
10:39:27,88
10:39:42,88
10:39:57,87
10:40:12,86
10:40:27,86
10:40:32,86
10:40:37,86
10:40:42,86
10:40:47,88
10:40:52,89
10:40:57,92
10:41:02,93
10:41:12,94
10:41:17,93
10:41:27,91
10:41:32,90
10:41:42,90
10:41:52,88
10:41:57,88
10:42:02,89
10:42:07,91
10:42:12,90
10:42:22,91
10:42:32,90
10:42:37,89
10:42:42,88
10:42:52,89
10:42:57,90
10:43:02,91
10:43:07,92
10:43:17,93
10:43:27,94
10:43:32,93
10:43:37,93
10:43:42,92
10:43:47,90
10:43:52,83
10:43:57,81
10:44:02,80
10:44:17,80
10:44:32,80
10:44:37,78
10:44:42,78
10:44:52,79
10:44:57,83
10:45:02,88
10:45:07,86
10:45:12,84
10:45:17,83
10:45:27,84
10:45:37,87
10:45:42,90
10:45:47,90
10:45:52,89
10:45:57,88
10:46:12,88
10:46:27,88
10:46:42,88
10:46:47,83
10:46:52,82
10:46:57,82
10:47:12,86
10:47:17,87
10:47:22,86
10:47:32,87
10:47:37,86
10:47:47,87
10:48:02,87
10:48:12,87
10:48:17,87
10:48:27,86
10:48:42,86
10:48:47,89
10:48:52,93
10:48:57,92
10:49:02,91
10:49:17,92
10:49:32,92
10:49:37,91
10:49:42,90
10:49:57,87
10:50:02,82
10:50:12,81
10:50:27,81
10:50:32,82
10:50:47,82
10:50:52,83
10:50:57,83
10:51:12,84
10:51:17,87
10:51:22,89
10:51:27,90
10:51:32,93
10:51:37,94
10:51:42,95
10:51:47,97
10:51:52,99
10:51:57,97
10:52:02,99
10:52:07,101
10:52:12,102
10:52:22,103
10:52:32,103
10:52:37,100
10:52:42,103
10:52:47,108
10:52:52,107
10:52:57,106
10:53:02,109
10:53:07,113
10:53:12,115
10:53:17,114
10:53:22,115
10:53:27,116
10:53:33,119
10:53:38,120
10:53:43,119
10:53:48,117
10:53:53,116
10:53:58,121
10:54:03,120
10:54:08,118
10:54:18,116
10:54:23,117
10:54:28,116
10:54:38,115
10:54:43,120
10:54:48,129
10:54:53,130
10:55:03,131
10:55:08,130
10:55:13,128
10:55:18,124
10:55:23,121
10:55:28,119
10:55:38,120
10:55:43,118
10:55:48,116
10:55:53,115
10:55:58,111
10:56:03,109
10:56:18,108
10:56:23,106
10:56:28,106
10:56:33,106
10:56:43,107
10:56:48,110
10:56:53,113
10:56:58,114
10:57:03,116
10:57:08,117
10:57:13,116
10:57:18,121
10:57:23,125
10:57:28,123
10:57:33,120
10:57:38,116
10:57:43,116
10:57:48,117
10:57:58,116
10:58:03,118
10:58:08,120
10:58:18,118
10:58:28,117
10:58:43,117
10:58:58,115
10:59:08,114
10:59:13,113
10:59:23,114
10:59:38,117
10:59:43,122
10:59:48,121
11:00:03,119
11:00:08,118
11:00:13,117
11:00:23,118
11:00:28,119
11:00:33,122
11:00:38,124
11:00:43,125
11:00:53,125
11:00:58,126
11:01:03,127
11:01:08,127
11:01:13,126
11:01:18,131
11:01:28,130
11:01:38,129
11:01:43,125
11:01:48,122
11:01:53,123
11:01:58,125
11:02:08,123
11:02:13,119
11:02:18,123
11:02:23,126
11:02:28,128
11:02:33,125
11:02:38,128
11:02:43,133
11:02:48,136
11:02:53,137
11:02:58,139
11:03:03,140
11:03:13,137
11:03:18,136
11:03:28,135
11:03:33,133
11:03:38,134
11:03:48,135
11:03:53,136
11:04:03,135
11:04:08,132
11:04:13,131
11:04:18,128
11:04:33,131
11:04:38,134
11:04:43,137
11:04:48,139
11:04:53,141
11:04:58,143
11:05:03,143
11:05:08,141
11:05:13,140
11:05:18,139
11:05:23,138
11:05:33,137
11:05:38,136
11:05:48,134
11:05:53,133
11:06:08,132
11:06:13,130
11:06:18,129
11:06:23,131
11:06:28,130
11:06:33,129
11:06:38,126
11:06:43,124
11:06:48,126
11:06:53,128
11:07:03,129
11:07:08,130
11:07:13,127
11:07:18,125
11:07:23,124
11:07:28,128
11:07:33,126
11:07:38,125
11:07:43,125
11:07:48,123
11:07:53,121
11:08:03,120
11:08:08,119
11:08:13,120
11:08:18,119
11:08:28,120
11:08:33,121
11:08:38,120
11:08:43,121
11:08:48,124
11:08:53,126
11:08:58,127
11:09:08,125
11:09:13,123
11:09:23,122
11:09:28,119
11:09:33,114
11:09:38,113
11:09:48,116
11:09:53,120
11:09:58,116
11:10:03,113
11:10:08,111
11:10:13,112
11:10:18,113
11:10:24,114
11:10:29,113
11:10:34,112
11:10:39,98
11:10:44,93
11:10:49,99
11:10:54,103
11:10:59,105
11:11:04,106
11:11:09,105
11:11:14,101
11:11:19,100
11:11:24,80
11:11:29,87
11:11:34,89
11:11:39,91
11:11:44,93
11:11:54,95
11:11:59,98
11:12:04,94
11:12:09,96
11:12:14,101
11:12:19,102
11:12:24,104
11:12:29,106
11:12:34,103
11:12:44,102
11:12:49,101
11:12:54,99
11:12:59,98
11:13:04,97
11:13:09,96
11:13:14,97
11:13:24,101
11:13:29,108
11:13:34,106
11:13:44,104
11:13:49,102
11:13:54,100
11:14:04,102
11:14:09,101
11:14:14,96
11:14:19,100
11:14:24,101
11:14:29,97
11:14:39,96
11:14:44,95
11:14:59,95
11:15:04,96
11:15:09,97
11:15:14,96
11:15:19,95
11:15:24,94
11:15:29,95
11:15:34,94
11:15:44,91
11:15:59,91
11:16:09,92
11:16:14,93
11:16:19,97
11:16:24,100
11:16:29,100
11:16:34,101
11:16:39,102
11:16:54,103
11:16:59,100
11:17:04,97
11:17:09,96
11:17:14,95
11:17:19,94
11:17:24,93
11:17:29,91
11:17:34,92
11:17:49,91
11:17:59,92
11:18:14,93
11:18:19,94
11:18:24,92
11:18:29,89
11:18:34,91
11:18:44,92
11:18:54,91
11:18:59,90
11:19:04,88
11:19:09,89
11:19:14,90
11:19:29,91
11:19:44,91
11:19:54,92
11:19:59,93
11:20:04,94
11:20:09,93
11:20:24,91
11:20:29,89
11:20:44,89
11:20:49,88
11:20:54,87
11:20:59,89
11:21:04,91
11:21:09,92
11:21:14,93
11:21:29,92
11:21:34,91
11:21:49,91
11:21:54,92
11:21:59,93
11:22:04,94
11:22:09,96
11:22:14,99
11:22:24,98
11:22:39,99
11:22:49,98
11:22:59,97
11:23:04,94
11:23:19,94
11:23:24,97
11:23:29,95
11:23:34,96
11:23:49,97
11:24:04,96
11:24:09,94
11:24:14,93
11:24:19,89
11:24:29,88
11:24:39,91
11:24:49,94
11:24:59,95
11:25:14,97
11:25:19,94
11:25:24,90
11:25:29,89
11:25:39,89
11:25:44,89
11:25:59,88
11:26:04,87
11:26:09,88
11:26:14,91
11:26:19,92
11:26:24,93
11:26:29,96
11:26:34,95
11:26:39,94
11:26:54,94
11:26:59,92
11:27:04,90
11:27:09,88
11:27:14,90
11:27:19,91
11:27:34,91
11:27:39,98
11:27:44,97
11:27:49,95
11:28:04,95
11:28:14,91
11:28:24,90
11:28:39,90
11:28:54,90
11:28:55,89
11:29:00,89
11:29:05,90
11:29:10,91
11:29:20,92
11:29:30,91
11:29:40,92
11:29:45,94
11:29:50,98
11:29:55,101
11:30:10,101
11:30:15,98
11:30:20,97
11:30:35,97
11:30:45,96
11:30:50,93
11:31:05,95
11:31:10,97
11:31:15,98
11:31:20,99
11:31:25,100
11:31:30,101
11:31:35,102
11:31:40,103
11:31:45,102
11:31:55,103
11:32:05,98
11:32:10,97
11:32:15,99
11:32:25,98
11:32:35,99
11:32:40,101
11:32:50,102
11:33:05,102
11:33:15,103
11:33:20,102
11:33:25,103
11:33:35,102
11:33:50,103
11:33:55,102
11:34:00,98
11:34:05,105
11:34:10,104
11:34:15,103
11:34:25,105
11:34:30,100
11:34:35,98
11:34:40,102
11:34:45,101
11:34:50,97
11:34:55,94
11:35:05,95
11:35:10,96
11:35:15,94
11:35:20,92
11:35:25,93
11:35:40,93
11:35:50,89
11:35:55,89
11:36:00,90
11:36:15,91
11:36:20,91
11:36:25,93
11:36:30,92
11:36:40,90
11:36:45,92
11:36:50,94
11:37:05,91
11:37:10,89
11:37:25,91
11:37:30,93
11:37:35,94
11:37:45,95
11:37:50,94
11:38:00,95
11:38:10,94
11:38:25,94
11:38:40,94
11:38:45,93
11:38:50,94
11:38:55,93
11:39:00,93
11:39:05,94
11:39:20,94
11:39:30,92
11:39:45,92
11:39:50,93
11:39:55,93
11:40:00,94
11:40:05,93
11:40:15,94
11:40:25,95
11:40:40,95
11:40:50,96
11:40:55,97
11:41:00,94
11:41:05,93
11:41:20,93
11:41:25,92
11:41:35,93
11:41:40,94
11:41:45,95
11:41:50,96
11:41:55,94
11:42:10,95
11:42:15,94
11:42:25,96
11:42:30,97
11:42:35,97
11:42:50,98
11:43:05,98
11:43:10,97
11:43:15,96
11:43:30,95
11:43:35,94
11:43:50,94
11:43:55,97
11:44:05,96
11:44:10,95
11:44:20,94
11:44:35,94
11:44:40,95
11:44:45,96
11:44:50,97
11:45:05,97
11:45:15,87
11:45:20,86
11:45:25,88
11:45:40,88
11:45:50,90
11:45:55,92
11:46:00,90
11:46:06,90
11:46:11,91
11:46:16,93
11:46:21,94
11:46:26,93
11:46:31,92
11:46:36,91
11:46:41,90
11:46:56,90
11:47:01,91
11:47:06,91
11:47:11,91
11:47:16,90
11:47:21,90
11:47:36,90
11:47:51,90
11:48:06,90
11:48:11,89
11:48:27,89
11:48:32,91
11:48:37,95
11:48:47,98
11:49:02,99
11:49:07,99
11:49:22,99
11:49:37,98
11:49:52,98
11:49:57,99
11:50:12,99
11:50:17,95
11:50:22,91
11:50:27,92
11:50:32,94
11:50:37,93
11:50:47,92
11:50:52,93
11:50:57,89
11:51:02,90
11:51:07,92
11:51:22,93
11:51:27,94
11:51:37,93
11:51:47,91
11:51:57,90
11:52:02,89
11:52:17,90
11:52:22,91
11:52:37,89
11:52:42,88
11:52:47,89
11:53:02,88
11:53:07,87
11:53:12,86
11:53:22,86
11:53:37,86
11:53:47,87
11:53:52,87
11:53:57,88
11:54:12,88
11:54:22,89
11:54:37,88
11:54:42,89
11:54:47,91
11:55:02,91
11:55:07,91
11:55:17,92
11:55:22,93
11:55:27,92
11:55:32,91
11:55:37,92
11:55:42,94
11:55:47,93
11:55:52,90
11:55:57,91
11:56:02,92
11:56:12,91
11:56:17,90
11:56:27,91
11:56:32,94
11:56:37,95
11:56:42,93
11:56:47,91
11:56:52,91
11:57:02,92
11:57:07,93
11:57:12,100
11:57:17,104
11:57:22,104
11:57:27,106
11:57:32,102
11:57:42,103
11:57:57,101
11:58:02,100
11:58:07,99
11:58:12,100
11:58:17,99
11:58:27,100
11:58:32,99
11:58:37,99
11:58:42,101
11:58:47,102
11:58:57,100
11:59:02,99
11:59:07,97
11:59:12,99
11:59:17,101
11:59:22,100
11:59:27,101
11:59:32,102
11:59:42,104
11:59:47,105
11:59:52,104
11:59:57,103
12:00:12,103
12:00:17,108
12:00:27,107
12:00:32,104
12:00:37,103
12:00:42,99
12:00:47,94
12:01:02,94
12:01:07,94
12:01:12,95
12:01:18,95
12:01:23,93
12:01:28,92
12:01:33,91
12:01:38,92
12:01:48,92
12:02:03,94
12:02:08,98
12:02:13,100
12:02:18,104
12:02:23,102
12:02:33,105
12:02:43,104
12:02:48,101
12:02:53,99
12:02:58,98
12:03:08,96
12:03:13,95
12:03:18,97
12:03:23,99
12:03:28,100
12:03:33,101
12:03:43,100
12:03:53,100
12:03:58,101
12:04:03,100
12:04:08,101
12:04:13,102
12:04:18,103
12:04:23,95
12:04:28,93
12:04:38,92
12:04:48,93
12:04:53,94
12:05:03,95
12:05:08,96
12:05:13,97
12:05:18,98
12:05:23,99
12:05:28,101
12:05:33,100
12:05:38,97
12:05:53,98
12:05:58,97
12:06:03,96
12:06:08,94
12:06:13,92
12:06:18,87
12:06:23,84
12:06:33,85
12:06:43,84
12:06:48,83
12:06:53,84
12:07:08,84
12:07:13,85
12:07:18,86
12:07:28,89
12:07:33,97
12:07:43,94
12:07:48,95
12:07:58,96
12:08:13,97
12:08:28,100
12:08:38,98
12:08:43,97
12:08:48,98
12:08:53,99
12:08:58,100
12:09:03,101
12:09:08,103
12:09:13,106
12:09:18,108
12:09:23,106
12:09:28,105
12:09:38,102
12:09:43,98
12:09:48,97
12:09:53,95
12:09:58,93
12:10:03,94
12:10:08,95
12:10:18,96
12:10:23,98
12:10:28,99
12:10:38,94
12:10:43,96
12:10:48,97
12:10:53,94
12:10:58,99
12:11:03,96
12:11:08,94
12:11:13,95
12:11:28,95
12:11:43,95
12:11:53,96
12:11:58,97
12:12:08,95
12:12:13,92
12:12:18,91
12:12:28,92
12:12:38,93
12:12:43,92
12:12:48,92
12:12:58,91
12:13:03,92
12:13:08,89
12:13:23,91
12:13:28,92
12:13:33,93
12:13:43,95
12:13:53,96
12:14:03,97
12:14:08,98
12:14:13,99
12:14:18,100
12:14:23,98
12:14:28,99
12:14:33,101
12:14:48,99
12:14:53,94
12:14:58,89
12:15:03,87
12:15:08,85
12:15:13,87
12:15:18,89
12:15:23,90
12:15:28,90
12:15:38,91
12:15:43,92
12:15:48,93
12:16:03,93
12:16:18,93
12:16:33,92
12:16:43,89
12:16:48,84
12:16:58,85
12:17:03,92
12:17:18,92
12:17:23,90
12:17:28,89
12:17:33,90
12:17:38,92
12:17:43,93
12:17:48,94
12:18:03,94
12:18:08,92
12:18:23,92
12:18:28,97
12:18:33,102
12:18:48,102
12:19:03,102
12:19:18,103
12:19:23,101
12:19:28,99
12:19:33,100
12:19:43,99
12:19:48,98
12:20:03,98
12:20:04,98
12:20:09,99
12:20:14,98
12:20:24,97
12:20:29,96
12:20:34,97
12:20:39,100
12:20:44,98
12:20:59,97
12:21:04,96
12:21:09,97
12:21:14,96
12:21:24,97
12:21:34,96
12:21:44,95
12:21:49,94
12:22:04,94
12:22:14,95
12:22:19,96
12:22:24,98
12:22:29,99
12:22:34,100
12:22:44,103
12:22:49,104
12:22:59,105
12:23:04,106
12:23:09,106
12:23:14,107
12:23:19,106
12:23:24,103
12:23:29,101
12:23:44,101
12:23:54,100
12:24:09,99
12:24:24,99
12:24:29,98
12:24:34,99
12:24:49,99
12:24:54,98
12:25:09,98
12:25:19,90
12:25:24,87
12:25:39,88
12:25:54,88
12:26:04,89
12:26:14,90
12:26:19,89
12:26:29,88
12:26:34,87
12:26:49,88
12:27:04,88
12:27:09,89
12:27:14,88
12:27:19,87
12:27:24,87
12:27:29,86
12:27:34,84
12:27:39,83
12:27:54,84
12:28:04,85
12:28:09,84
12:28:14,83
12:28:19,82
12:28:24,80
12:28:29,86
12:28:34,96
12:28:39,97
12:28:44,96
12:28:49,89
12:28:59,90
12:29:04,91
12:29:09,92
12:29:14,89
12:29:29,90
12:29:34,91
12:29:49,91
12:29:54,89
12:30:09,89
12:30:14,88
12:30:29,88
12:30:34,87
12:30:39,87
12:30:49,87
12:30:54,88
12:31:04,89
12:31:19,90
12:31:24,92
12:31:29,94
12:31:34,94
12:31:44,92
12:31:49,84
12:32:04,85
12:32:09,87
12:32:24,86
12:32:29,87
12:32:34,86
12:32:39,85
12:32:44,84
12:32:49,83
12:33:04,81
12:33:09,83
12:33:14,84
12:33:19,83
12:33:29,82
12:33:39,84
12:33:49,84
12:33:54,85
12:33:59,87
12:34:04,90
12:34:09,95
12:34:14,97
12:34:19,95
12:34:24,98
12:34:29,102
12:34:34,101
12:34:39,102
12:34:44,104
12:34:49,101
12:34:54,99
12:34:59,98
12:35:04,97
12:35:09,96
12:35:14,104
12:35:19,106
12:35:24,105
12:35:34,102
12:35:49,102
12:35:59,96
12:36:04,92
12:36:09,91
12:36:14,91
12:36:19,92
12:36:25,94
12:36:30,97
12:36:35,98
12:36:40,97
12:36:45,96
12:36:50,98
12:36:55,100
12:37:00,100
12:37:05,99
12:37:15,97
12:37:20,87
12:37:25,88
12:37:30,86
12:37:40,87
12:37:45,89
12:37:50,93
12:37:55,102
12:38:00,106
12:38:15,106
12:38:30,105
12:38:40,104
12:38:50,101
12:39:05,102
12:39:10,103
12:39:15,105
12:39:20,106
12:39:25,106
12:39:35,107
12:39:40,105
12:39:45,104
12:39:50,102
12:39:55,101
12:40:00,99
12:40:05,95
12:40:10,93
12:40:15,104
12:40:25,101
12:40:30,96
12:40:35,95
12:40:40,96
12:40:45,97
12:40:55,100
12:41:00,98
12:41:05,101
12:41:10,102
12:41:20,100
12:41:25,99
12:41:30,97
12:41:45,91
12:41:50,90
12:41:55,88
12:42:00,87
12:42:05,86
12:42:15,85
12:42:20,84
12:42:30,86
12:42:35,87
12:42:40,88
12:42:50,89
12:43:00,88
12:43:05,89
12:43:10,88
12:43:15,89
12:43:25,90
12:43:30,91
12:43:35,90
12:43:40,91
12:43:55,92
12:44:10,92
12:44:15,93
12:44:20,95
12:44:25,97
12:44:30,98
12:44:40,102
12:44:45,106
12:44:50,107
12:44:55,106
12:45:10,106
12:45:15,108
12:45:20,110
12:45:25,111
12:45:30,109
12:45:40,108
12:45:50,101
12:45:55,100
12:46:00,101
12:46:05,104
12:46:10,103
12:46:25,102
12:46:30,103
12:46:35,104
12:46:45,104
12:46:55,105
12:47:05,106
12:47:10,107
12:47:15,105
12:47:20,97
12:47:25,95
12:47:30,94
12:47:35,93
12:47:40,92
12:47:45,91
12:47:50,90
12:47:55,89
12:48:10,89
12:48:15,89
12:48:20,88
12:48:25,87
12:48:30,86
12:48:35,85
12:48:40,84
12:48:45,83
12:48:50,90
12:48:55,96
12:49:05,97
12:49:10,96
12:49:15,99
12:49:20,101
12:49:25,98
12:49:30,97
12:49:40,99
12:49:45,101
12:49:55,102
12:50:05,101
12:50:10,100
12:50:15,100
12:50:20,101
12:50:25,102
12:50:30,104
12:50:40,105
12:50:55,105
12:51:00,107
12:51:05,107
12:51:10,105
12:51:15,99
12:51:20,95
12:51:25,94
12:51:30,95
12:51:35,97
12:51:40,96
12:51:45,97
12:51:50,96
12:51:55,94
12:52:00,92
12:52:05,90
12:52:15,93
12:52:20,94
12:52:30,93
12:52:35,92
12:52:40,91
12:52:45,89
12:52:50,88
12:52:55,87
12:53:00,88
12:53:05,90
12:53:10,92
12:53:15,93
12:53:25,92
12:53:30,89
12:53:36,89
12:53:41,91
12:53:46,92
12:54:01,91
12:54:16,90
12:54:31,90
12:54:46,88
12:54:51,85
12:55:01,84
12:55:11,85
12:55:16,86
12:55:21,86
12:55:26,87
12:55:31,89
12:55:36,93
12:55:41,94
12:55:46,99
12:55:51,100
12:56:06,99
12:56:11,98
12:56:16,96
12:56:21,91
12:56:26,97
12:56:31,100
12:56:36,98
12:56:41,97
12:56:46,96
12:56:51,97
12:56:56,98
12:57:01,99
12:57:11,98
12:57:16,97
12:57:26,98
12:57:31,99
12:57:41,98
12:57:46,96
12:57:56,98
12:58:01,97
12:58:06,95
12:58:21,97
12:58:26,103
12:58:31,106
12:58:36,105
12:58:41,104
12:58:46,102
12:58:51,98
12:59:01,97
12:59:06,96
12:59:11,95
12:59:16,98
12:59:21,100
12:59:26,100
12:59:41,100
12:59:46,98
12:59:51,103
12:59:56,100
13:00:01,99
13:00:06,98
13:00:11,97
13:00:16,94
13:00:21,93
13:00:26,93
13:00:31,91
13:00:36,92
13:00:41,94
13:00:51,95
13:00:56,97
13:01:11,98
13:01:16,104
13:01:21,111
13:01:26,113
13:01:36,110
13:01:41,111
13:01:46,114
13:01:51,116
13:01:56,118
13:02:01,119
13:02:06,118
13:02:11,119
13:02:16,118
13:02:21,116
13:02:26,119
13:02:31,118
13:02:46,118
13:02:56,120
13:03:01,121
13:03:16,122
13:03:21,119
13:03:26,115
13:03:31,108
13:03:36,100
13:03:41,98
13:03:46,101
13:03:51,99
13:03:56,100
13:04:01,102
13:04:06,101
13:04:11,100
13:04:21,94
13:04:26,91
13:04:36,94
13:04:41,99
13:04:46,98
13:04:51,102
13:04:56,103
13:05:01,100
13:05:06,99
13:05:11,95
13:05:16,89
13:05:21,90
13:05:31,92
13:05:36,90
13:05:46,92
13:05:56,93
13:06:06,91
13:06:16,93
13:06:21,94
13:06:26,91
13:06:41,92
13:06:46,93
13:06:51,95
13:07:06,96
13:07:11,93
13:07:16,89
13:07:21,88
13:07:36,88
13:07:41,87
13:07:51,88
13:08:06,88
13:08:11,88
13:08:16,87
13:08:21,89
13:08:31,88
13:08:36,89
13:08:46,90
13:08:52,90
13:08:57,89
13:09:12,89
13:09:17,88
13:09:32,87
13:09:37,88
13:09:42,91
13:09:47,92
13:10:02,90
13:10:07,89
13:10:17,87
13:10:22,85
13:10:27,84
13:10:37,85
13:10:42,86
13:10:47,88
13:10:57,87
13:11:02,86
13:11:17,86
13:11:32,85
13:11:37,84
13:11:52,85
13:12:07,85
13:12:17,84
13:12:22,83
13:12:37,83
13:12:52,82
13:12:57,81
13:13:02,80
13:13:07,80
13:13:12,79
13:13:22,80
13:13:32,81
13:13:37,82
13:13:52,83
13:14:07,83
13:14:12,84
13:14:22,86
13:14:27,87
13:14:32,88
13:14:37,89
13:14:42,90
13:14:47,89
13:14:52,89
13:14:57,91
13:15:12,89
13:15:17,88
13:15:32,89
13:15:42,88
13:15:57,88
13:16:02,89
13:16:07,90
13:16:22,91
13:16:27,90
13:16:32,89
13:16:47,89
13:16:52,90
13:17:07,90
13:17:12,89
13:17:17,88
13:17:22,87
13:17:32,86
13:17:47,87
13:17:52,88
13:18:07,87
13:18:12,87
13:18:27,87
13:18:42,86
13:18:52,88
13:18:57,90
13:19:02,88
13:19:12,84
13:19:17,81
13:19:27,82
13:19:32,81
13:19:42,80
13:19:47,78
13:19:52,77
13:19:57,77
13:20:02,79
13:20:07,80
13:20:12,78
13:20:17,77
13:20:22,76
13:20:37,75
13:20:47,76
13:20:52,78
13:20:57,79
13:21:12,79
13:21:17,78
13:21:22,77
13:21:27,76
13:21:32,76
13:21:37,83
13:21:42,89
13:21:47,88
13:21:52,89
13:21:57,91
13:22:02,90
13:22:07,92
13:22:12,92
13:22:17,91
13:22:22,92
13:22:27,93
13:22:32,89
13:22:37,87
13:22:42,87
13:22:47,86
13:22:52,85
13:22:57,84
13:23:12,84
13:23:27,84
13:23:42,83
13:23:57,81
13:24:02,79
13:24:17,78
13:24:22,79
13:24:27,80
13:24:32,81
13:24:42,80
13:24:47,79
13:25:02,80
13:25:12,81
13:25:22,79
13:25:27,77
13:25:37,78
13:25:42,79
13:25:47,80
13:25:52,81
13:25:57,82
13:26:02,83
13:26:07,85
13:26:12,86
13:26:17,87
13:26:22,86
13:26:28,86
13:26:38,88
13:26:48,87
13:26:53,86
13:26:58,86
13:27:08,87
13:27:13,88
13:27:18,87
13:27:23,88
13:27:38,87
13:27:48,86
13:27:53,87
13:27:58,88
13:28:03,87
13:28:18,88
13:28:23,89
13:28:28,93
13:28:33,93
13:28:38,91
13:28:48,93
13:28:53,94
13:28:58,96
13:29:08,96
13:29:23,97
13:29:38,96
13:29:43,97
13:29:48,98
13:29:53,97
13:29:58,96
13:30:03,99
13:30:08,98
13:30:13,96
13:30:23,95
13:30:33,94
13:30:48,94
13:31:03,95
13:31:08,94
13:31:13,93
13:31:18,92
13:31:23,91
13:31:28,89
13:31:38,89
13:31:43,87
13:31:58,87
13:32:08,87
13:32:13,88
13:32:18,87
13:32:23,85
13:32:38,86
13:32:48,87
13:32:53,89
13:32:58,90
13:33:08,87
13:33:18,86
13:33:23,84
13:33:28,83
13:33:33,84
13:33:38,83
13:33:43,86
13:33:48,88
13:33:53,89
13:34:03,88
13:34:13,89
13:34:18,91
13:34:33,91
13:34:43,92
13:34:53,93
13:34:58,94
13:35:03,95
13:35:13,96
13:35:18,97
13:35:23,98
13:35:28,97
13:35:33,96
13:35:48,96
13:36:03,96
13:36:08,95
13:36:18,96
13:36:23,97
13:36:38,98
13:36:43,99
13:36:48,98
13:36:58,97
13:37:03,96
13:37:08,98
13:37:13,99
13:37:28,98
13:37:33,97
13:37:38,96
13:37:43,95
13:37:58,95
13:38:03,94
13:38:08,93
13:38:18,92
13:38:33,93
13:38:38,94
13:38:43,95
13:38:48,95
13:38:53,96
13:38:58,97
13:39:03,99
13:39:08,98
13:39:13,97
13:39:18,95
13:39:23,96
13:39:28,95
13:39:33,94
13:39:38,93
13:39:43,91
13:39:48,90
13:39:58,90
13:40:08,91
13:40:13,88
13:40:18,86
13:40:33,87
13:40:43,87
13:40:48,83
13:40:58,82
13:41:03,84
13:41:08,85
13:41:13,86
13:41:18,88
13:41:23,87
13:41:28,88
13:41:33,87
13:41:38,86
13:41:43,85
13:41:48,84
13:41:58,85
13:42:13,85
13:42:18,87
13:42:23,88
13:42:28,89
13:42:33,88
13:42:38,89
13:42:44,88
13:42:49,87
13:42:59,87
13:43:04,86
13:43:09,85
13:43:14,84
13:43:29,84
13:43:39,83
13:43:44,83
13:43:49,82
13:43:59,83
13:44:04,82
13:44:19,83
13:44:34,83
13:44:49,84
13:44:59,82
13:45:04,81
13:45:09,82
13:45:14,84
13:45:29,84
13:45:34,83
13:45:39,85
13:45:44,87
13:45:49,84
13:45:54,80
13:46:09,81
13:46:14,82
13:46:19,83
13:46:24,84
13:46:39,83
13:46:44,80
13:46:54,80
13:47:09,81
13:47:14,82
13:47:19,83
13:47:24,84
13:47:29,88
13:47:34,89
13:47:39,90
13:47:44,91
13:47:59,91
13:48:04,90
13:48:14,89
13:48:29,89
13:48:34,90
13:48:39,91
13:48:44,90
13:48:49,89
13:49:04,89
13:49:19,89
13:49:34,90
13:49:39,91
13:49:49,90
13:49:54,86
13:49:59,84
13:50:14,86
13:50:29,86
13:50:34,92
13:50:39,93
13:50:49,97
13:50:54,101
13:51:04,97
13:51:09,98
13:51:19,101
13:51:24,100
13:51:39,101
13:51:44,102
13:51:54,103
13:52:04,107
13:52:09,103
13:52:14,98
13:52:19,100
13:52:29,95
13:52:34,94
13:52:39,93
13:52:44,92
13:52:54,91
13:53:09,91
13:53:14,90
13:53:19,89
13:53:24,88
13:53:29,89
13:53:39,90
13:53:44,91
13:53:59,93
13:54:04,94
13:54:19,93
13:54:24,91
13:54:39,90
13:54:44,89
13:54:54,88
13:54:59,86
13:55:04,84
13:55:09,80
13:55:14,78
13:55:19,77
13:55:24,78
13:55:29,83
13:55:34,88
13:55:39,87
13:55:44,78
13:55:49,77
13:55:54,79
13:55:59,86
13:56:04,87
13:56:14,88
13:56:24,89
13:56:29,89
13:56:44,88
13:56:49,87
13:56:54,86
13:56:59,85
13:57:04,84
13:57:09,83
13:57:19,84
13:57:24,84
13:57:39,84
13:57:49,85
13:57:54,84
13:57:59,84
13:58:14,84
13:58:24,83
13:58:29,82
13:58:39,83
13:58:44,82
13:58:49,83
13:58:54,84
13:58:59,83
13:59:04,82
13:59:09,81
13:59:14,80
13:59:19,79
13:59:34,80
13:59:49,80
13:59:50,78
13:59:55,77
14:00:10,79
14:00:15,81
14:00:20,82
14:00:35,82
14:00:40,81
14:00:45,80
14:00:50,77
14:00:55,76
14:01:10,77
14:01:15,78
14:01:20,77
14:01:30,79
14:01:35,80
14:01:40,79
14:01:45,80
14:01:55,81
14:02:05,82
14:02:15,83
14:02:30,83
14:02:35,84
14:02:40,83
14:02:45,82
14:02:50,81
14:02:55,82
14:03:05,81
14:03:10,81
14:03:15,81
14:03:25,80
14:03:35,81
14:03:40,82
14:03:45,84
14:03:50,85
14:03:55,86
14:04:00,84
14:04:05,86
14:04:10,88
14:04:15,91
14:04:20,92
14:04:35,92
14:04:40,91
14:04:45,90
14:04:50,88
14:04:55,86
14:05:05,85
14:05:15,86
14:05:30,86
14:05:35,85
14:05:50,87
14:05:55,90
14:06:00,98
14:06:05,97
14:06:10,96
14:06:25,96
14:06:35,95
14:06:45,93
14:07:00,93
14:07:05,86
14:07:10,83
14:07:20,84
14:07:35,84
14:07:40,84
14:07:45,86
14:07:50,87
14:07:55,88
14:08:05,87
14:08:20,87
14:08:35,87
14:08:45,86
14:08:55,86
14:09:00,85
14:09:15,85
14:09:20,86
14:09:25,86
14:09:40,86
14:09:45,84
14:10:00,84
14:10:05,83
14:10:15,84
14:10:20,85
14:10:25,86
14:10:40,87
14:10:45,79
14:10:50,81
14:10:55,83
14:11:10,82
14:11:15,81
14:11:30,81
14:11:45,81
14:12:00,80
14:12:10,78
14:12:25,78
14:12:30,79
14:12:40,80
14:12:45,81
14:13:00,81
14:13:05,80
14:13:10,79
14:13:25,79
14:13:40,79
14:13:55,78
14:14:00,75
14:14:05,73
14:14:10,74
14:14:20,75
14:14:25,76
14:14:30,77
14:14:35,78
14:14:50,79
14:14:55,80
14:15:00,81
14:15:15,81
14:15:30,81
14:15:45,81
14:15:50,82
14:16:05,82
14:16:10,83
14:16:15,83
14:16:20,82
14:16:25,80
14:16:35,81
14:16:45,80
14:16:50,80
14:17:00,79
14:17:15,79
14:17:20,82
14:17:35,82
14:17:50,81
14:17:55,81
14:18:05,87
14:18:10,91
14:18:16,91
14:18:26,90
14:18:31,84
14:18:36,79
14:18:41,73
14:18:51,75
14:18:56,76
14:19:01,77
14:19:06,78
14:19:11,79
14:19:16,80
14:19:26,79
14:19:36,80
14:19:41,81
14:19:46,80
14:19:51,81
14:19:56,82
14:20:01,83
14:20:06,82
14:20:21,83
14:20:26,84
14:20:41,83
14:20:46,84
14:20:51,84
14:21:01,85
14:21:16,85
14:21:31,85
14:21:36,94
14:21:41,96
14:21:51,94
14:21:56,89
14:22:11,88
14:22:16,87
14:22:26,86
14:22:41,86
14:22:56,87
14:23:06,88
14:23:16,87
14:23:21,84
14:23:36,84
14:23:41,85
14:23:51,86
14:23:56,87
14:24:01,86
14:24:06,86
14:24:16,85
14:24:21,84
14:24:26,85
14:24:41,85
14:24:51,86
14:25:06,86
14:25:21,85
14:25:36,84
14:25:41,83
14:25:46,83
14:25:56,84
14:26:01,85
14:26:16,85
14:26:26,84
14:26:36,82
14:26:41,80
14:26:46,79
14:26:56,80
14:27:01,82
14:27:06,83
14:27:16,85
14:27:21,94
14:27:36,93
14:27:41,92
14:27:46,91
14:27:51,90
14:28:01,89
14:28:06,88
14:28:11,88
14:28:21,87
14:28:26,86
14:28:31,82
14:28:36,81
14:28:41,80
14:28:46,81
14:28:51,81
14:29:01,82
14:29:06,83
14:29:11,82
14:29:16,80
14:29:21,78
14:29:26,76
14:29:31,75
14:29:46,76
14:29:51,77
14:30:06,77
14:30:11,77
14:30:26,78
14:30:31,76
14:30:36,75
14:30:51,76
14:30:56,76
14:31:06,77
14:31:11,78
14:31:16,79
14:31:21,80
14:31:26,81
14:31:31,86
14:31:36,88
14:31:46,89
14:32:01,88
14:32:16,88
14:32:21,88
14:32:31,87
14:32:36,86
14:32:41,87
14:32:46,86
14:32:56,87
14:33:11,87
14:33:26,87
14:33:41,88
14:33:46,87
14:34:01,87
14:34:06,84
14:34:21,84
14:34:31,83
14:34:36,81
14:34:41,80
14:34:56,80
14:35:01,81
14:35:16,81
14:35:21,83
14:35:26,84
14:35:41,84
14:35:56,84
14:36:06,83
14:36:11,83
14:36:17,84
14:36:32,84
14:36:47,85
14:37:02,85
14:37:17,85
14:37:22,84
14:37:32,85
14:37:37,86
14:37:52,86
14:37:57,85
14:38:02,87
14:38:07,88
14:38:12,88
14:38:17,88
14:38:32,88
14:38:42,87
14:38:47,86
14:38:57,86
14:39:02,85
14:39:17,85
14:39:22,89
14:39:27,90
14:39:42,89
14:39:57,89
14:40:07,89
14:40:17,87
14:40:32,86
14:40:37,86
14:40:52,86
14:41:02,87
14:41:17,87
14:41:32,88
14:41:37,85
14:41:42,84
14:41:57,84
14:42:07,83
14:42:12,81
14:42:17,81
14:42:32,79
14:42:37,77
14:42:52,77
14:43:02,78
14:43:07,85
14:43:12,94
14:43:17,90
14:43:22,91
14:43:27,87
14:43:32,85
14:43:47,85
14:44:02,85
14:44:07,83
14:44:12,83
14:44:17,81
14:44:22,80
14:44:37,80
14:44:42,81
14:44:47,82
14:45:02,81
14:45:17,81
14:45:22,82
14:45:32,81
14:45:47,81
14:45:52,82
14:45:57,81
14:46:02,80
14:46:12,81
14:46:17,87
14:46:32,87
14:46:47,81
14:46:52,78
14:46:57,74
14:47:02,79
14:47:07,84
14:47:12,86
14:47:27,86
14:47:32,85
14:47:47,87
14:47:52,91
14:47:57,94
14:48:12,93
14:48:17,94
14:48:32,94
14:48:42,94
14:48:57,94
14:49:02,95
14:49:07,96
14:49:17,97
14:49:22,95
14:49:27,95
14:49:37,96
14:49:52,97
14:49:57,98
14:50:02,97
14:50:12,92
14:50:17,83
14:50:22,83
14:50:32,84
14:50:42,85
14:50:52,86
14:50:57,87
14:51:07,86
14:51:17,87
14:51:32,87
14:51:42,87
14:51:47,86
14:51:53,85
14:52:03,83
14:52:08,82
14:52:18,84
14:52:23,85
14:52:28,87
14:52:33,89
14:52:38,90
14:52:43,88
14:52:58,88
14:53:03,89
14:53:13,88
14:53:28,89
14:53:33,90
14:53:38,89
14:53:53,89
14:53:58,88
14:54:03,81
14:54:18,82
14:54:33,80
14:54:38,79
14:54:53,78
14:54:58,79
14:55:03,80
14:55:08,81
14:55:13,80
14:55:18,79
14:55:23,79
14:55:28,79
14:55:33,80
14:55:43,81
14:55:48,83
14:55:53,85
14:55:58,87
14:56:03,88
14:56:08,86
14:56:13,83
14:56:18,82
14:56:23,84
14:56:28,84
14:56:33,86
14:56:38,85
14:56:43,84
14:56:48,86
14:57:03,86
14:57:08,87
14:57:13,88
14:57:23,87
14:57:33,86
14:57:48,87
14:57:53,88
14:58:03,86
14:58:13,88
14:58:18,87
14:58:23,85
14:58:28,84
14:58:43,84
14:58:48,84
14:58:58,84
14:59:08,85
14:59:13,86
14:59:28,86
14:59:38,85
14:59:48,85
15:00:03,85
15:00:18,85
15:00:23,86
15:00:28,87
15:00:33,87
15:00:48,85
15:00:53,84
15:01:08,84
15:01:13,83
15:01:23,84
15:01:33,85
15:01:38,83
15:01:53,83
15:01:58,82
15:02:08,85
15:02:13,87
15:02:18,88
15:02:23,87
15:02:33,88
15:02:48,88
15:02:58,87
15:03:08,87
15:03:23,87
15:03:33,88
15:03:48,89
15:03:53,90
15:03:58,89
15:04:03,87
15:04:18,87
15:04:33,87
15:04:48,87
15:04:53,86
15:04:58,84
15:05:03,85
15:05:13,85
15:05:18,83
15:05:28,82
15:05:43,82
15:05:48,83
15:05:53,84
15:05:58,85
15:06:13,84
15:06:18,83
15:06:23,85
15:06:28,86
15:06:38,86
15:06:53,85
15:07:08,85
15:07:18,84
15:07:23,83
15:07:38,82
15:07:43,81
15:07:53,80
15:07:58,79
15:08:13,79
15:08:18,79
15:08:23,81
15:08:33,80
15:08:38,79
15:08:43,78
15:08:58,78
15:09:03,80
15:09:08,81
15:09:13,80
15:09:23,81
15:09:38,81
15:09:53,81
15:09:58,83
15:10:08,82
15:10:18,83
15:10:28,82
15:10:34,82
15:10:44,83
15:10:54,83
15:11:09,83
15:11:14,84
15:11:19,83
15:11:24,84
15:11:29,83
15:11:34,84
15:11:39,83
15:11:44,81
15:11:49,82
15:11:54,81
15:12:09,81
15:12:14,80
15:12:19,81
15:12:24,82
15:12:29,83
15:12:34,84
15:12:49,84
15:12:59,84
15:13:09,85
15:13:14,84
15:13:29,84
15:13:39,85
15:13:44,86
15:13:59,86
15:14:04,86
15:14:09,85
15:14:14,83
15:14:19,84
15:14:24,85
15:14:34,87
15:14:39,88
15:14:49,89
15:15:04,89
15:15:09,90
15:15:14,91
15:15:19,95
15:15:24,99
15:15:39,99
15:15:44,97
15:15:49,95
15:15:59,94
15:16:14,93
15:16:19,92
15:16:24,90
15:16:39,90
15:16:44,91
15:16:49,90
15:16:54,88
15:16:59,87
15:17:09,86
15:17:24,85
15:17:29,85
15:17:34,84
15:17:39,82
15:17:44,81
15:17:59,81
15:18:09,81
15:18:14,80
15:18:19,79
15:18:24,79
15:18:39,80
15:18:44,80
15:18:49,81
15:18:59,80
15:19:04,76
15:19:19,78
15:19:29,79
15:19:34,81
15:19:39,83
15:19:44,85
15:19:49,84
15:19:59,87
15:20:04,88
15:20:14,88
15:20:29,88
15:20:34,89
15:20:44,90
15:20:59,90
15:21:04,90
15:21:19,89
15:21:24,88
15:21:39,88
15:21:44,87
15:21:49,87
15:21:59,86
15:22:14,85
15:22:19,84
15:22:29,83
15:22:39,82
15:22:49,83
15:22:54,84
15:22:59,85
15:23:04,88
15:23:09,89
15:23:14,89
15:23:24,89
15:23:29,91
15:23:34,92
15:23:44,91
15:23:54,93
15:24:04,94
15:24:14,93
15:24:19,92
15:24:24,90
15:24:34,89
15:24:39,88
15:24:44,87
15:24:49,87
15:25:04,87
15:25:19,87
15:25:24,84
15:25:29,85
15:25:39,84
15:25:54,84
15:26:09,84
15:26:14,85
15:26:19,84
15:26:24,83
15:26:29,82
15:26:34,81
15:26:49,81
15:26:59,83
15:27:09,84
15:27:14,85
15:27:24,85
15:27:29,86
15:27:34,85
15:27:39,86
15:27:44,88
15:27:49,87
15:27:55,86
15:28:05,88
15:28:10,89
15:28:15,88
15:28:30,87
15:28:35,86
15:28:40,86
15:28:45,87
15:28:55,83
15:29:00,80
15:29:05,81
15:29:15,82
15:29:30,82
15:29:40,82
15:29:55,82
15:30:00,83
15:30:05,84
15:30:10,83
15:30:20,84
15:30:25,83
15:30:30,82
15:30:40,83
15:30:45,84
15:30:50,83
15:31:00,84
15:31:15,84
15:31:20,83
15:33:31,70
15:33:46,76
15:33:51,87
15:33:56,89
15:34:01,83
15:34:06,85
15:34:11,97
15:34:16,106
15:34:26,107
15:34:36,106
15:34:41,104
15:34:51,110
15:34:56,114
15:35:06,113
15:35:11,112
15:35:16,109
15:35:21,105
15:35:26,104
15:35:31,104
15:35:36,105
15:35:41,106
15:35:46,109
15:35:51,110
15:35:56,111
15:36:04,110
15:36:19,107
15:36:24,106
15:36:29,110
15:36:34,111
15:36:39,110
15:36:44,109
15:36:54,106
15:36:59,102
15:37:04,98
15:37:09,96
15:37:24,96
15:37:29,98
15:37:34,96
15:37:39,93
15:37:44,94
15:37:49,97
15:37:54,99
15:38:09,100
15:38:14,101
15:38:19,104
15:38:24,104
15:38:34,104
15:38:44,105
15:38:49,106
15:38:54,105
15:38:59,101
15:39:04,100
15:39:09,101
15:39:14,103
15:39:19,101
15:39:24,100
15:39:34,97
15:39:39,96
15:39:44,98
15:39:49,99
15:39:54,98
15:39:59,96
15:40:04,94
15:40:09,95
15:40:14,94
15:40:19,92
15:40:24,91
15:40:29,90
15:40:34,92
15:40:44,104
15:40:49,105
15:40:54,104
15:40:59,111
15:41:04,112
15:41:19,112
15:41:29,109
15:41:34,106
15:41:39,103
15:41:44,104
15:41:49,107
15:41:54,108
15:42:04,107
15:42:09,108
15:42:14,110
15:42:19,111
15:42:24,110
15:42:29,111
15:42:44,112
15:42:49,110
15:42:54,104
15:42:59,92
15:43:04,94
15:43:14,96
15:43:19,97
15:43:29,98
15:43:39,102
15:43:44,103
15:43:54,102
15:43:59,97
15:44:04,94
15:44:09,93
15:44:14,98
15:44:19,100
15:44:24,100
15:44:29,99
15:44:34,98
15:44:39,95
15:44:44,94
15:44:54,93
15:45:04,92
15:45:09,89
15:45:14,84
15:45:19,81
15:45:29,82
15:45:34,83
15:45:39,83
15:45:49,84
15:45:54,85
15:46:04,86
15:46:09,85
15:46:19,84
15:46:24,83
15:46:29,84
15:46:44,83
15:46:49,81
15:46:54,82
15:46:59,83
15:47:04,84
15:47:09,85
15:47:14,92
15:47:19,95
15:47:34,95
15:47:39,93
15:47:44,92
15:47:49,93
15:47:59,95
15:48:09,94
15:48:14,92
15:48:19,90
15:48:24,88
15:48:34,88
15:48:44,87
15:48:54,88
15:49:09,88
15:49:14,89
15:49:19,83
15:49:34,83
15:49:44,82
15:49:54,81
15:49:59,81
15:50:14,81
15:50:29,81
15:50:34,82
15:50:39,81
15:50:49,80
15:51:04,80
15:51:14,83
15:51:20,83
15:51:35,73
15:51:45,74
15:51:50,75
15:51:55,78
15:52:00,79
15:52:05,80
15:52:20,81
15:52:25,84
15:52:30,88
15:52:35,86
15:52:50,87
15:53:00,88
15:53:10,88
15:53:20,87
15:53:25,88
15:53:35,86
15:53:50,86
15:54:00,85
15:54:05,83
15:54:10,82
15:54:15,81
15:54:20,80
15:54:35,79
15:54:40,77
15:54:45,75
15:54:50,75
15:55:00,77
15:55:05,78
15:55:10,79
15:55:15,78
15:55:30,78
15:55:45,82
15:55:50,85
15:55:55,84
15:56:05,83
15:56:10,83
15:56:25,83
15:56:40,83
15:56:50,83
15:57:00,82
15:57:10,82
15:57:25,82
15:57:30,81
15:57:40,82
15:57:55,82
15:58:10,82
15:58:25,82
15:58:40,82
15:58:55,82
15:59:10,82
15:59:20,80
15:59:25,79
15:59:30,80
15:59:35,79
15:59:50,81
15:59:55,82
16:00:00,84
16:00:05,85
16:00:15,86
16:00:20,85
16:00:25,84
16:00:30,82
16:00:35,83
16:00:40,84
16:00:45,85
16:00:50,84
16:00:55,85
16:01:00,86
16:01:10,87
16:01:15,87
16:01:25,88
16:01:40,89
16:01:45,90
16:01:50,87
16:01:55,86
16:02:00,82
16:02:05,80
16:02:15,81
16:02:20,82
16:02:25,82
16:02:30,83
16:02:35,84
16:02:45,85
16:02:50,87
16:02:55,91
16:03:05,87
16:03:20,87
16:03:25,88
16:03:30,89
16:03:40,91
16:03:45,90
16:03:55,91
16:04:00,90
16:04:10,92
16:04:25,93
16:04:40,91
16:04:55,92
16:05:00,93
16:05:05,94
16:05:10,95
16:05:15,95
16:05:25,95
16:05:30,95
16:05:35,96
16:05:40,97
16:05:45,95
16:05:50,93
16:05:55,93
16:06:05,92
16:06:10,87
16:06:15,88
16:06:20,89
16:06:25,88
16:06:35,89
16:06:40,88
16:06:45,89
16:07:00,89
16:07:05,90
16:07:10,92
16:07:15,90
16:07:20,89
16:07:25,91
16:07:30,92
16:07:45,92
16:07:50,93
16:08:00,95
16:08:15,95
16:08:20,95
16:08:25,94
16:08:30,88
16:08:45,88
16:08:51,84
16:08:56,86
16:09:01,89
16:09:06,91
16:09:21,91
16:09:36,91
16:09:41,92
16:09:56,92
16:10:11,92
16:10:21,93
16:10:26,97
16:10:31,103
16:10:41,104
16:10:46,105
16:10:51,107
16:11:06,108
16:11:16,109
16:11:21,106
16:11:26,104
16:11:31,102
16:11:36,99
16:11:41,100
16:11:46,101
16:11:56,98
16:12:01,97
16:12:06,100
16:12:11,101
16:12:16,106
16:12:21,102
16:12:31,99
16:12:36,97
16:12:41,93
16:12:46,97
16:12:51,101
16:12:56,104
16:13:01,106
16:13:06,104
16:13:11,100
16:13:16,96
16:13:26,95
16:13:31,97
16:13:36,99
16:13:41,99
16:13:46,100
16:14:01,102
16:14:06,100
16:14:16,101
16:14:21,101
16:14:26,99
16:14:31,92
16:14:36,93
16:14:41,94
16:14:46,91
16:14:51,84
16:14:56,81
16:15:01,82
16:15:06,84
16:15:11,85
16:15:16,86
16:15:21,87
16:15:31,88
16:15:41,87
16:15:46,86
16:15:56,87
16:16:01,87
16:16:11,88
16:16:16,89
16:16:21,89
16:16:31,101
16:16:36,107
16:16:41,105
16:16:46,103
16:16:56,101
16:17:11,98
16:17:21,94
16:17:26,90
16:17:31,91
16:17:36,88
16:17:41,87
16:17:51,89
16:17:56,90
16:18:01,91
16:18:06,90
16:18:11,88
16:18:16,87
16:18:21,86
16:18:26,88
16:18:41,88
16:18:46,87
16:19:01,88
16:19:06,90
16:19:16,89
16:19:31,91
16:19:41,90
16:19:46,89
16:20:01,88
16:20:06,85
16:20:11,86
16:20:16,88
16:20:21,89
16:20:26,90
16:20:36,89
16:20:41,88
16:20:51,87
16:20:56,86
16:21:01,85
16:21:11,84
16:21:16,81
16:21:21,82
16:21:26,83
16:21:31,85
16:21:36,86
16:21:41,87
16:21:46,86
16:22:01,84
16:22:11,83
16:22:16,82
16:22:26,81
16:22:31,82
16:22:36,83
16:22:46,84
16:22:51,88
16:22:56,90
16:23:06,91
16:23:16,90
16:23:26,89
16:23:31,88
16:23:41,87
16:23:46,91
16:23:51,97
16:24:01,98
16:24:06,97
16:24:11,96
16:24:16,95
16:24:22,95
16:24:27,96
16:24:32,97
16:24:42,95
16:24:47,97
16:24:52,100
16:24:57,99
16:25:02,98
16:25:12,97
16:25:27,95
16:25:32,91
16:25:37,92
16:25:42,93
16:25:47,94
16:25:52,94
16:26:07,94
16:26:12,97
16:26:17,99
16:26:27,98
16:26:37,95
16:26:42,93
16:26:47,92
16:26:57,93
16:27:12,93
16:27:27,92
16:27:37,93
16:27:42,92
16:27:47,83
16:27:52,83
16:28:02,82
16:28:07,83
16:28:22,83
16:28:37,84
16:28:42,83
16:28:52,84
16:28:57,85
16:29:07,84
16:29:12,83
16:29:22,84
16:29:27,86
16:29:32,88
16:29:42,87
16:29:47,88
16:29:52,87
16:30:02,85
16:30:07,84
16:30:12,85
16:30:17,84
16:30:27,84
16:30:32,86
16:30:37,89
16:30:42,86
16:30:52,85
16:30:57,84
16:31:02,84
16:31:12,83
16:31:17,81
16:31:32,81
16:31:37,80
16:31:42,79
16:31:57,79
16:32:07,79
16:32:17,78
16:32:27,80
16:32:37,79
16:32:47,80
16:32:52,84
16:33:02,86
16:33:07,87
16:33:12,87
16:33:17,86
16:33:22,85
16:33:37,84
16:33:42,83
16:33:47,82
16:34:02,82
16:34:07,81
16:34:12,82
16:34:27,83
16:34:32,84
16:34:37,87
16:34:42,87
16:34:57,87
16:35:07,86
16:35:12,84
16:35:17,82
16:35:22,83
16:35:27,82
16:35:42,81
16:35:47,81
16:36:02,81
16:36:12,80
16:36:17,79
16:36:27,78
16:36:32,78
16:36:37,78
16:36:47,78
16:36:52,77
16:36:57,79
16:37:02,81
16:37:07,81
16:37:12,80
16:37:27,80
16:37:32,82
16:37:37,83
16:37:42,82
16:37:52,83
16:38:07,83
16:38:12,86
16:38:17,85
16:38:22,83
16:38:27,82
16:38:37,83
16:38:42,84
16:38:47,85
16:38:57,86
16:39:02,87
16:39:17,85
16:39:22,84
16:39:27,82
16:39:32,83
16:39:42,85
16:39:47,84
16:39:52,83
16:39:57,82
16:40:02,82
16:40:17,82
16:40:22,83
16:40:27,85
16:40:37,84
16:40:47,85
16:40:52,86
16:40:57,87
16:41:07,88
16:41:22,88
16:41:23,87
16:41:33,86
16:41:43,85
16:41:48,84
16:41:53,83
16:41:58,84
16:42:03,86
16:42:08,87
16:42:18,86
16:42:23,87
16:42:28,84
16:42:38,83
16:42:43,84
16:42:48,85
16:42:53,86
16:42:58,85
16:43:13,86
16:43:18,84
16:43:33,86
16:43:43,85
16:43:48,84
16:44:03,84
16:44:18,85
16:44:23,86
16:44:28,85
16:44:43,84
16:44:53,83
16:44:58,84
16:45:03,83
16:45:08,84
16:45:23,84
16:45:38,84
16:45:48,85
16:45:53,84
16:46:08,84
16:46:18,85
16:46:23,86
16:46:28,87
16:46:38,85
16:46:43,84
16:46:58,82
16:47:08,83
16:47:23,83
16:47:28,82
16:47:33,83
16:47:38,84
16:47:43,85
16:47:48,84
16:47:53,83
16:47:58,82
16:48:13,84
16:48:18,85
16:48:28,86
16:48:33,84
16:48:38,83
16:48:53,84
16:48:58,85
16:49:03,86
16:49:08,85
16:49:13,86
16:49:18,87
16:49:23,88
16:49:38,88
16:49:43,89
16:49:53,89
16:49:58,89
16:50:03,91
16:50:08,92
16:50:18,95
16:50:23,97
16:50:28,98
16:50:33,99
16:50:38,101
16:50:43,100
16:50:48,102
16:50:53,105
16:50:58,106
16:51:03,108
16:51:08,105
16:51:13,102
16:51:18,101
16:51:23,98
16:51:28,96
16:51:33,95
16:51:38,97
16:51:43,99
16:51:48,100
16:51:53,98
16:52:03,99
16:52:08,98
16:52:18,99
16:52:28,102
16:52:33,103
16:52:38,103
16:52:43,104
16:52:48,105
16:52:53,102
16:52:58,84
16:53:03,83
16:53:08,80
16:53:13,81
16:53:23,82
16:53:28,81
16:53:33,78
16:53:38,79
16:53:43,80
16:53:48,81
16:53:53,80
16:53:58,79
16:54:03,83
16:54:08,86
16:54:13,91
16:54:23,89
16:54:28,88
16:54:33,90
16:54:38,92
16:54:53,93
16:55:03,92
16:55:18,92
16:55:23,91
16:55:33,92
16:55:38,93
16:55:43,94
16:55:53,93
16:56:03,95
16:56:18,95
16:56:23,96
16:56:28,97
16:56:33,96
16:56:38,98
16:56:43,101
16:56:48,102
16:56:53,105
16:56:58,102
16:57:03,100
16:57:13,100
16:57:18,98
16:57:23,97
16:57:33,96
16:57:38,94
16:57:53,94
16:57:58,95
16:58:08,94
16:58:13,93
16:58:23,92
16:58:28,94
16:58:33,95
16:58:38,96
16:58:48,91
16:58:58,90
16:59:13,90
16:59:28,90
16:59:33,87
16:59:38,91
16:59:43,89
16:59:53,90
16:59:58,91
17:00:03,93
17:00:08,94
17:00:14,93
17:00:19,92
17:00:29,90
17:00:39,91
17:00:44,91
17:00:54,89
17:00:59,88
17:01:04,89
17:01:14,87
17:01:19,88
17:01:24,92
17:01:29,92
17:01:44,92
17:01:49,94
17:01:54,97
17:01:59,95
17:02:04,93
17:02:09,94
17:02:24,93
17:02:29,92
17:02:39,96
17:02:44,97
17:02:54,98
17:02:59,97
17:03:14,97
17:03:19,97
17:03:29,95
17:03:34,95
17:03:49,96
17:03:54,97
17:04:09,96
17:04:14,97
17:04:19,99
17:04:24,101
17:04:29,100
17:04:44,101
17:04:54,102
17:05:09,102
17:05:19,101
17:05:24,99
17:05:29,107
17:05:34,113
17:05:39,116
17:05:44,115
17:05:49,112
17:05:54,106
17:05:59,101
17:06:04,99
17:06:09,100
17:06:14,99
17:06:19,98
17:06:24,98
17:06:29,97
17:06:34,94
17:06:39,95
17:28:43,70
17:28:58,72
17:29:08,73
17:29:13,82
17:29:18,102
17:29:23,111
17:29:28,117
17:29:43,118
17:29:48,119
17:29:58,119
17:30:13,117
17:30:28,117
17:30:43,117
17:43:44,70
17:44:10,70
17:44:25,82
17:44:30,83
17:44:45,83
17:47:02,82
17:47:07,88
17:47:12,95
17:47:17,96
17:47:22,97
17:47:27,98
17:47:37,99
17:47:42,100
17:47:47,102
17:47:52,102
17:47:57,103
17:48:02,105
17:48:07,106
17:48:17,107
17:48:22,103
17:48:37,103
17:48:47,101
17:48:52,99
17:48:57,104
17:49:02,106
17:49:07,107
17:49:12,108
17:49:17,111
17:49:22,113
17:49:32,111
17:49:37,109
17:49:42,107
17:49:47,106
17:49:52,105
17:49:57,102
17:50:02,101
17:50:07,100
17:50:22,100
17:50:27,99
17:50:37,95
17:50:42,89
17:50:47,90
17:51:02,89
17:51:07,88
17:51:12,87
17:51:22,89
17:51:37,89
17:51:47,92
17:51:57,92
17:52:02,91
17:52:07,90
17:52:12,90
17:52:22,94
17:52:27,97
17:52:32,96
17:52:37,95
17:52:42,96
17:52:47,99
17:52:52,101
17:52:57,101
17:53:02,104
17:53:07,105
17:53:12,106
17:53:17,107
17:53:22,106
17:53:27,105
17:53:32,106
17:53:37,107
17:53:42,103
17:53:47,98
17:53:57,99
17:54:02,98
17:54:07,96
17:54:12,95
17:54:22,97
17:54:27,100
17:54:37,101
17:54:42,98
17:54:47,96
17:54:52,98
17:54:57,101
17:55:02,100
17:55:17,100
17:55:22,101
17:55:27,102
17:55:37,104
17:55:43,103
17:55:53,99
17:55:58,101
17:56:03,106
17:56:08,105
17:56:13,100
17:56:18,99
17:56:23,92
17:56:28,90
17:56:33,94
17:56:48,96
17:56:53,98
17:56:58,100
17:57:03,99
17:57:18,100
17:57:23,98
17:57:28,95
17:57:33,94
17:57:43,93
17:57:48,91
17:57:53,89
17:58:03,90
17:58:13,92
17:58:18,93
17:58:23,94
17:58:28,93
17:58:33,92
17:58:38,88
17:58:43,87
17:58:53,88
17:58:58,89
17:59:08,88
17:59:23,88
17:59:28,89
17:59:33,90
17:59:38,91
17:59:43,92
17:59:53,91
17:59:58,90
18:00:03,89
18:00:13,91
18:00:23,90
18:00:28,91
18:00:33,92
18:00:43,90
18:00:48,88
18:00:53,86
18:00:58,87
18:01:08,88
18:01:13,89
18:01:18,89
18:01:23,91
18:01:28,92
18:01:33,93
18:01:39,94
18:01:44,93
18:01:54,94
18:01:59,95
18:02:04,94
18:02:09,93
18:02:24,93
18:02:34,94
18:02:44,95
18:02:59,96
18:03:09,97
18:03:14,96
18:03:19,95
18:03:24,96
18:03:29,97
18:03:34,95
18:03:39,94
18:03:44,93
18:03:49,92
18:03:59,91
18:04:04,89
18:04:09,88
18:04:14,89
18:04:24,90
18:04:29,91
18:04:34,90
18:04:39,91
18:04:44,91
18:04:49,92
18:04:54,90
18:04:59,89
18:05:04,88
18:05:09,88
18:05:24,88
18:05:34,89
18:05:39,90
18:05:54,89
18:06:04,90
18:06:14,92
18:06:19,92
18:06:29,91
18:06:39,92
18:06:44,94
18:06:54,95
18:06:59,97
18:07:09,94
18:07:14,92
18:07:19,94
18:07:29,96
18:07:34,97
18:07:44,97
18:07:49,101
18:07:54,100
18:07:59,99
18:08:04,99
18:08:09,98
18:08:14,96
18:08:19,97
18:08:24,98
18:08:39,100
18:08:44,99
18:08:49,97
18:08:54,94
18:08:59,93
18:09:04,92
18:09:09,90
18:09:19,92
18:09:34,93
18:09:39,95
18:09:44,96
18:09:49,97
18:09:54,95
18:10:09,94
18:10:24,95
18:10:34,96
18:10:39,97
18:10:44,98
18:10:49,99
18:10:54,98
18:10:59,97
18:11:04,99
18:11:09,99
18:11:24,100
18:11:34,99
18:11:39,98
18:11:44,99
18:11:49,99
18:11:54,99
18:11:59,98
18:12:14,99
18:12:19,98
18:12:24,97
18:12:29,95
18:12:39,94
18:12:44,95
18:12:59,96
18:13:04,97
18:13:19,96
18:13:24,95
18:13:29,95
18:13:44,95
18:13:49,94
18:13:54,92
18:13:59,89
18:14:09,90
18:14:19,91
18:14:24,92
18:14:29,94
18:14:34,94
18:14:44,93
18:14:54,92
18:15:09,91
18:15:19,92
18:15:29,93
18:15:34,94
18:15:44,93
18:15:59,93
18:16:14,93
18:16:29,94
18:16:34,95
18:16:39,96
18:16:44,95
18:16:59,96
18:17:04,95
18:17:09,94
18:17:19,93
18:17:24,91
18:17:29,90
18:17:39,91
18:17:49,92
18:17:54,90
18:18:09,90
18:18:24,90
18:18:29,91
18:18:44,91
18:18:45,90
18:18:55,91
18:19:10,91
18:19:15,93
18:19:20,94
18:19:25,95
18:19:35,94
18:19:40,93
18:19:45,92
18:19:50,93
18:19:55,92
18:20:00,92
18:20:15,93
18:20:25,93
18:20:35,94
18:20:40,95
18:20:55,95
18:21:00,96
18:21:05,97
18:21:20,97
18:21:30,98
18:21:35,99
18:21:40,100
18:21:45,101
18:21:50,102
18:22:00,101
18:22:05,105
18:22:10,105
18:22:15,110
18:22:20,117
18:22:25,124
18:22:30,127
18:22:40,125
18:22:45,122
18:22:50,121
18:22:55,123
18:23:00,125
18:23:05,127
18:23:10,128
18:23:15,126
18:23:20,122
18:23:25,118
18:23:35,114
18:23:40,111
18:23:45,109
18:23:50,106
18:23:55,105
18:24:00,108
18:24:05,106
18:24:10,102
18:24:15,99
18:24:25,101
18:24:30,103
18:24:35,104
18:24:40,104
18:24:50,103
18:24:55,103
18:25:00,112
18:25:05,114
18:25:10,113
18:25:15,114
18:25:20,115
18:25:25,117
18:25:35,113
18:25:40,108
18:25:45,103
18:25:50,102
18:25:55,109
18:26:00,105
18:26:05,103
18:26:10,101
18:26:15,99
18:26:20,101
18:26:25,102
18:26:30,100
18:26:35,96
18:26:45,95
18:26:50,94
18:26:55,93
18:27:00,92
18:27:05,91
18:27:15,95
18:27:20,99
18:27:25,97
18:27:35,100
18:27:40,99
18:27:50,101
18:27:55,105
18:28:00,104
18:28:15,106
18:28:20,103
18:28:25,99
18:28:30,95
18:28:40,94
18:28:45,96
18:28:50,97
18:28:55,99
18:29:00,98
18:29:15,100
18:29:25,101
18:29:30,102
18:29:40,107
18:29:45,108
18:29:50,110
18:29:55,113
18:30:00,108
18:30:05,104
18:30:10,103
18:30:15,100
18:30:20,97
18:30:25,96
18:30:30,101
18:30:35,104
18:30:40,102
18:30:45,99
18:30:50,96
18:30:55,94
18:31:00,94
18:31:05,93
18:31:10,94
18:31:15,96
18:31:20,97
18:31:25,99
18:31:30,101
18:31:35,102
18:31:50,101
18:31:55,100
18:32:00,101
18:32:05,103
18:32:10,102
18:32:20,99
18:32:25,97
18:32:30,98
18:32:35,97
18:32:40,96
18:32:45,104
18:32:50,103
18:32:55,101
18:33:00,101
18:33:05,100
18:33:10,98
18:33:20,101
18:33:25,99
18:33:30,95
18:33:35,90
18:33:40,90
18:33:45,94
18:33:50,95
18:33:55,96
18:34:05,97
18:34:15,96
18:34:20,97
18:34:25,98
18:34:30,97
18:34:35,95
18:34:50,95
18:35:05,95
18:35:10,95
18:35:15,93
18:35:21,92
18:35:26,91
18:35:31,92
18:35:36,93
18:35:46,95
18:35:51,99
18:36:01,98
18:36:11,97
18:36:26,96
18:36:31,95
18:36:41,94
18:36:46,92
18:36:56,93
18:37:01,94
18:37:06,100
18:37:11,102
18:37:16,102
18:37:21,101
18:37:31,100
18:37:36,98
18:37:41,97
18:37:51,97
18:37:56,98
18:38:01,99
18:38:16,99
18:38:21,99
18:38:26,100
18:38:31,101
18:38:41,100
18:38:46,99
18:38:51,98
18:38:56,97
18:39:06,96
18:39:11,97
18:39:16,98
18:39:21,99
18:39:26,100
18:39:31,99
18:39:41,98
18:39:56,99
18:40:11,99
18:40:26,99
18:40:31,100
18:40:36,99
18:40:46,99
18:40:51,98
18:40:56,95
18:41:01,96
18:41:06,95
18:41:16,97
18:41:21,97
18:41:31,98
18:41:36,96
18:41:46,97
18:41:51,98
18:42:06,96
18:42:11,97
18:42:16,96
18:42:21,95
18:42:36,95
18:42:41,96
18:42:46,97
18:42:51,99
18:43:01,97
18:43:11,96
18:43:26,97
18:43:31,98
18:43:46,98
18:43:51,99
18:44:06,99
18:44:21,100
18:44:26,101
18:44:41,100
18:44:46,103
18:44:51,106
18:44:56,105
18:45:01,103
18:45:06,102
18:45:16,104
18:45:21,107
18:45:26,111
18:45:31,115
18:45:36,117
18:45:41,115
18:45:46,112
18:45:51,109
18:45:56,110
18:46:01,109
18:46:11,110
18:46:16,113
18:46:21,112
18:46:26,107
18:46:31,105
18:46:41,105
18:46:56,106
18:47:01,105
18:47:11,106
18:47:16,102
18:47:21,98
18:47:26,96
18:47:31,94
18:47:36,95
18:47:41,93
18:47:46,94
18:47:51,94
18:47:56,93
18:48:06,94
18:48:11,97
18:48:16,98
18:48:31,97
18:48:36,98
18:48:41,99
18:48:46,100
18:48:51,101
18:48:56,102
18:49:06,103
18:49:11,104
18:49:16,104
18:49:21,101
18:49:26,100
18:49:31,98
18:49:36,95
18:49:41,96
18:49:46,97
18:49:51,96
18:49:56,98
18:50:06,95
18:50:16,97
18:50:26,99
18:50:31,101
18:50:36,106
18:50:41,107
18:50:46,108
18:50:51,107
18:50:56,104
18:51:01,102
18:51:06,101
18:51:11,99
18:51:26,99
18:51:31,98
18:51:36,97
18:51:46,96
18:51:51,94
18:52:01,96
18:52:06,99
18:52:11,98
18:52:16,102
18:52:26,101
18:52:31,100
18:52:36,100
18:52:46,99
18:52:51,98
18:52:56,97
18:53:11,97
18:53:16,100
18:53:21,101
18:53:26,103
18:53:31,104
18:53:36,105
18:53:41,104
18:53:46,101
18:53:52,97
18:54:07,97
18:54:12,101
18:54:17,102
18:54:22,101
18:54:27,103
18:54:32,104
18:54:37,105
18:54:42,103
18:54:47,105
18:54:52,112
18:54:57,116
18:55:02,117
18:55:07,116
18:55:12,117
18:55:22,115
18:55:32,114
18:55:37,110
18:55:42,110
18:55:52,113
18:55:57,118
18:56:02,117
18:56:07,115
18:56:12,117
18:56:22,116
18:56:27,113
18:56:32,111
18:56:37,110
18:56:42,112
18:56:52,111
18:57:02,112
18:57:12,111
18:57:17,110
18:57:22,112
18:57:27,114
18:57:37,116
18:57:42,118
18:57:47,114
18:57:52,111
18:57:57,107
18:58:02,104
18:58:07,102
18:58:12,99
18:58:17,98
18:58:27,98
18:58:42,97
18:58:52,98
18:58:57,99
18:59:02,100
18:59:07,103
18:59:12,107
18:59:17,108
18:59:22,111
18:59:27,110
18:59:32,109
18:59:37,110
18:59:42,112
18:59:47,113
18:59:57,114
19:00:07,115
19:00:12,114
19:00:22,115
19:00:27,116
19:00:32,113
19:00:37,112
19:00:42,111
19:00:47,110
19:00:52,113
19:00:57,114
19:01:02,115
19:01:07,117
19:01:17,116
19:01:22,114
19:01:32,113
19:01:37,112
19:01:42,114
19:01:47,113
19:01:52,112
19:02:02,110
19:02:07,108
19:02:12,107
19:02:17,105
19:02:27,106
19:02:32,107
19:02:42,105
19:02:47,103
19:03:02,104
19:03:12,107
19:03:17,109
19:03:22,107
19:03:27,109
19:03:32,106
19:03:37,105
19:03:42,104
19:03:47,102
19:03:52,100
19:04:02,101
19:04:07,103
19:04:12,106
19:04:17,105
19:04:27,104
19:04:32,106
19:04:47,106
19:04:57,108
19:05:02,109
19:05:07,110
19:05:12,107
19:05:22,106
19:05:27,106
19:05:32,116
19:05:37,119
19:05:42,118
19:05:47,116
19:05:52,114
19:05:57,113
19:06:02,117
19:06:07,118
19:06:12,115
19:06:17,110
19:06:22,107
19:06:27,106
19:06:32,103
19:06:37,104
19:06:42,103
19:06:47,107
19:06:52,108
19:06:57,105
19:07:02,103
19:07:12,105
19:07:17,105
19:07:27,109
19:07:32,110
19:07:37,112
19:07:42,113
19:07:47,111
19:07:52,107
19:07:57,102
19:08:02,101
19:08:07,100
19:08:12,104
19:08:17,106
19:08:27,102
19:08:32,99
19:08:37,95
19:08:42,92
19:08:47,89
19:08:52,87
19:08:57,84
19:09:02,87
19:09:07,89
19:09:12,92
19:09:17,93
19:09:22,92
19:09:27,91
19:09:32,91
19:09:37,92
19:09:42,96
19:09:52,97
19:10:02,101
19:10:12,100
19:10:17,99
19:10:23,99
19:10:28,103
19:10:33,107
19:10:38,114
19:10:43,116
19:10:48,117
19:10:53,115
19:10:58,113
19:11:03,112
19:11:08,107
19:11:13,108
19:11:18,110
19:11:28,112
19:11:33,111
19:11:38,112
19:11:43,113
19:11:53,114
19:11:58,116
19:12:03,119
19:12:08,120
19:12:13,119
19:12:18,115
19:12:23,112
19:12:28,109
19:12:33,108
19:12:38,101
19:12:48,105
19:12:53,108
19:12:58,110
19:13:03,108
19:13:08,102
19:13:13,101
19:13:18,99
19:13:23,102
19:13:28,107
19:13:38,106
19:13:43,108
19:13:48,109
19:13:58,112
19:14:08,111
19:14:18,111
19:14:23,110
19:14:28,105
19:14:43,105
19:14:48,101
19:14:53,95
19:14:58,93
19:15:08,100
19:15:13,105
19:15:18,103
19:15:23,100
19:15:28,104
19:15:33,107
19:15:43,108
19:15:48,109
19:15:58,108
19:16:08,107
19:16:13,105
19:16:28,105
19:16:33,107
19:16:38,109
19:16:48,108
19:17:03,108
19:17:13,109
19:17:18,111
19:17:23,114
19:17:33,111
19:17:38,108
19:17:43,104
19:17:48,101
19:17:53,102
19:18:03,103
19:18:08,109
19:18:18,108
19:18:23,109
19:18:28,108
19:18:33,107
19:18:38,108
19:18:43,110
19:18:48,111
19:18:53,114
19:18:58,113
19:19:03,109
19:19:08,108
19:19:13,105
19:19:18,106
19:19:28,105
19:19:38,104
19:19:43,105
19:19:48,106
19:19:53,107
19:19:58,110
19:20:08,104
19:20:13,102
19:20:18,98
19:20:33,98
19:20:48,98
19:21:03,100
19:21:08,101
19:21:23,101
19:21:38,101
19:22:09,108
19:22:14,110
19:22:19,112
19:22:29,114
19:22:34,115
19:22:44,114
19:22:49,115
19:23:04,114
19:23:09,115
19:23:14,116
19:23:29,117
19:23:39,118
19:23:49,113
19:23:54,109
19:23:59,104
19:24:04,101
19:24:09,105
19:24:19,106
19:24:29,104
19:24:34,105
19:24:39,106
19:24:44,105
19:24:49,103
19:24:54,100
19:24:59,99
19:25:04,100
19:25:09,96
19:25:14,95
19:25:24,98
19:25:34,95
19:25:39,94
19:25:44,92
19:25:49,90
19:25:54,86
19:25:59,85
19:26:04,90
19:26:09,91
19:26:24,91
19:26:29,94
19:26:34,96
19:26:44,97
19:26:49,98
19:26:59,94
19:27:14,94
19:27:19,95
19:27:29,97
19:27:44,97
19:27:54,99
19:27:59,96
19:28:14,96
19:28:24,95
19:28:29,96
19:28:35,94
19:28:40,93
19:28:45,94
19:28:50,93
19:28:55,92
19:29:10,93
19:29:15,91
19:29:20,90
19:29:25,89
19:29:30,87
19:29:45,88
19:30:00,90
19:30:05,91
19:30:15,90
19:30:20,89
19:30:35,88
19:30:40,89
19:30:50,90
19:31:05,89
19:31:10,90
19:31:15,90
19:31:25,88
19:31:40,87
19:31:45,88
19:31:55,91
19:32:00,94
19:32:05,93
19:32:10,97
19:32:15,97
19:32:20,96
19:32:30,95
19:32:35,94
19:32:50,94
19:33:00,95
19:33:05,97
19:33:15,96
19:33:20,96
19:33:30,97
19:33:35,100
19:33:40,101
19:33:45,103
19:33:50,102
19:33:55,100
19:34:00,97
19:34:10,97
19:34:20,95
19:34:25,92
19:34:30,90
19:34:45,89
19:34:55,91
19:35:00,91
19:35:05,92
19:35:10,90
19:35:15,91
19:35:20,90
19:35:25,90
19:35:35,89
19:35:50,90
19:35:55,93
19:36:00,95
19:36:05,96
19:36:10,95
19:36:20,94
19:36:35,93
19:36:40,91
19:36:50,90
19:36:55,91
19:37:00,93
19:37:05,92
19:37:10,90
19:37:20,91
19:37:30,90
19:37:40,91
19:37:45,92
19:37:50,93
19:38:00,92
19:38:05,91
19:38:10,90
19:38:25,89
19:38:35,88
19:38:40,87
19:38:45,86
19:39:00,86
19:39:10,87
19:39:15,89
19:39:20,90
19:39:25,90
19:39:35,91
19:39:40,92
19:39:45,88
19:39:50,86
19:40:05,86
19:40:10,87
19:40:20,88
19:40:25,87
19:40:35,89
19:40:45,90
19:40:50,89
19:41:05,85
19:41:10,84
19:41:20,85
19:41:25,86
19:41:30,87
19:41:35,86
19:41:45,85
19:42:00,85
19:42:05,88
19:42:10,87
19:42:15,86
19:42:25,87
19:42:30,87
19:42:35,87
19:42:50,88
19:42:55,88
19:43:00,87
19:43:15,87
19:43:20,86
19:43:35,86
19:43:40,85
19:43:55,85
19:44:00,87
19:44:05,88
19:44:10,87
19:44:15,88
19:44:20,89
19:44:35,89
19:44:45,89
19:44:50,90
19:45:05,90
19:45:15,89
19:45:25,88
19:45:40,88
19:45:46,87
19:45:56,88
19:46:06,87
19:46:16,86
19:46:26,87
19:46:36,89
19:46:46,88
19:46:51,87
19:46:56,86
19:47:06,87
19:47:11,86
19:47:16,88
19:47:21,90
19:47:26,90
19:47:36,89
19:47:41,88
19:47:56,89
19:48:06,90
19:48:11,92
19:48:16,93
19:48:31,93
19:48:36,94
19:48:41,96
19:48:56,96
19:49:01,96
19:49:06,95
19:49:16,94
19:49:21,94
19:49:26,93
19:49:31,92
19:49:36,91
19:49:46,89
19:49:56,88
19:50:01,88
19:50:06,87
19:50:11,85
19:50:16,84
19:50:26,85
19:50:31,86
19:50:36,87
19:50:46,86
19:50:56,83
19:51:06,84
19:51:21,84
19:51:31,83
19:51:46,83
19:51:51,82
19:52:01,83
19:52:16,82
19:52:21,80
19:52:36,80
19:52:51,80
19:52:56,81
19:53:01,82
19:53:06,84
19:53:11,85
19:53:26,84
19:53:36,86
19:53:41,87
19:53:46,87
19:53:51,87
19:53:56,88
19:54:01,87
19:54:11,88
19:54:16,87
19:54:21,85
19:54:26,84
19:54:31,83
19:54:36,83
19:54:41,82
19:54:46,81
19:55:01,81
19:55:16,81
19:55:21,81
19:55:26,83
19:55:31,85
19:55:36,86
19:55:46,85
19:56:01,84
19:56:06,84
19:56:11,85
19:56:16,83
19:56:21,81
19:56:31,80
19:56:46,80
19:56:51,82
19:56:56,84
19:57:01,86
19:57:06,84
19:57:11,82
19:57:16,81
19:57:21,80
19:57:26,83
19:57:31,84
19:57:41,85
19:57:46,86
19:57:51,85
19:57:56,84
19:58:01,83
19:58:06,82
19:58:11,81
19:58:26,81
19:58:41,81
19:58:51,80
19:58:56,81
19:59:01,82
19:59:06,82
19:59:11,83
19:59:16,85
19:59:31,86
19:59:36,85
19:59:46,84
19:59:51,85
19:59:56,87
20:00:01,88
20:00:06,89
20:00:11,90
20:00:16,91
20:00:31,91
20:00:36,88
20:00:46,89
20:00:51,88
20:00:56,85
20:01:01,83
20:01:16,83
20:01:26,84
20:01:31,85
20:01:36,84
20:01:51,84
20:02:06,84
20:02:11,85
20:02:16,85
20:02:21,86
20:02:26,86
20:02:32,85
20:02:42,86
20:02:47,87
20:02:57,89
20:03:02,90
20:03:07,89
20:03:12,87
20:03:17,86
20:03:32,85
20:03:37,84
20:03:47,85
20:03:52,84
20:04:02,83
20:04:07,84
20:04:12,85
20:04:17,86
20:04:22,87
20:04:27,87
20:04:32,86
20:04:37,87
20:04:42,89
20:04:47,89
20:05:02,89
20:05:17,90
20:05:22,91
20:05:27,92
20:05:37,91
20:05:42,90
20:05:47,89
20:05:52,87
20:05:57,86
20:06:07,87
20:06:17,88
20:06:22,87
20:06:27,88
20:06:42,88
20:06:47,89
20:06:52,90
20:07:02,91
20:07:07,90
20:07:12,89
20:07:27,89
20:07:32,88
20:07:37,87
20:07:47,86
20:07:52,85
20:07:57,86
20:08:02,85
20:08:07,85
20:08:22,85
20:08:27,87
20:08:32,88
20:08:47,88
20:08:57,89
20:09:02,91
20:09:07,92
20:09:12,93
20:09:17,94
20:09:22,95
20:09:27,96
20:09:32,98
20:09:37,99
20:09:42,100
20:09:47,99
20:09:52,100
20:09:57,100
20:10:02,98
20:10:17,97
20:10:22,98
20:10:27,97
20:10:32,96
20:10:37,94
20:10:42,95
20:10:47,98
20:10:52,101
20:10:57,100
20:11:02,98
20:11:07,103
20:11:12,104
20:11:17,103
20:11:22,100
20:11:27,97
20:11:32,96
20:11:37,95
20:11:52,96
20:11:57,94
20:12:02,92
20:12:07,91
20:12:12,90
20:12:17,91
20:12:22,90
20:12:27,91
20:12:32,93
20:12:37,96
20:12:42,98
20:12:47,100
20:12:52,99
20:13:02,104
20:13:07,103
20:13:12,102
20:13:17,100
20:13:22,96
20:13:27,93
20:13:42,93
20:13:47,94
20:14:02,94
20:14:07,93
20:14:12,94
20:14:17,95
20:14:22,96
20:14:27,95
20:14:42,95
20:14:47,94
20:14:57,95
20:15:02,94
20:15:07,92
20:15:22,92
20:15:27,91
20:15:37,92
20:15:42,92
20:15:57,92
20:16:02,92
20:16:07,94
20:16:12,95
20:16:22,94
20:16:27,93
20:16:42,93
20:16:47,95
20:16:52,96
20:17:02,97
20:17:07,98
20:17:17,100
20:17:22,99
20:17:27,98
20:17:32,99
20:17:38,101
20:17:43,99
20:17:48,98
20:17:53,97
20:17:58,97
20:18:03,97
20:18:13,96
20:18:23,95
20:18:38,93
20:18:43,90
20:18:53,88
20:18:58,85
20:19:03,83
20:19:08,81
20:19:13,80
20:19:18,82
20:19:23,85
20:19:28,88
20:19:33,91
20:19:38,90
20:19:43,88
20:19:53,87
20:20:08,87
20:20:18,88
20:20:23,87
20:20:38,87
20:20:53,87
20:20:58,87
20:21:03,86
20:21:18,87
20:21:33,87
20:21:48,88
20:21:58,89
20:22:03,91
20:22:08,92
20:22:13,92
20:22:18,91
20:22:23,91
20:22:28,90
20:22:33,91
20:22:38,92
20:22:53,92
20:23:08,90
20:23:18,92
20:23:23,93
20:23:28,92
20:23:33,91
20:23:43,90
20:23:48,89
20:23:53,88
20:23:58,87
20:24:08,86
20:24:13,84
20:24:28,85
20:24:33,86
20:24:43,87
20:24:53,88
20:24:58,87
20:25:08,86
20:25:18,87
20:25:23,88
20:25:28,90
20:25:33,92
20:25:38,93
20:25:43,92
20:25:48,90
20:25:53,88
20:26:08,88
20:26:13,90
20:26:23,91
20:26:28,89
20:26:33,84
20:26:38,83
20:26:43,84
20:26:58,84
20:27:08,83
20:27:18,85
20:27:23,86
20:27:33,87
20:27:38,88
20:27:43,90
20:27:48,96
20:27:53,100
20:27:58,102
20:28:03,104
20:28:08,105
20:28:18,104
20:28:23,103
20:28:28,104
20:28:33,105
20:28:38,107
20:28:43,106
20:28:53,105
20:28:58,104
20:29:08,103
20:29:13,104
20:29:18,106
20:29:28,107
20:29:38,104
20:29:43,102
20:29:48,99
20:29:53,97
20:29:58,96
20:30:03,92
20:30:18,92
20:30:33,91
20:30:48,92
20:30:53,93
20:30:58,94
20:31:03,99
20:31:08,105
20:31:13,107
20:31:18,108
20:31:33,107
20:31:38,108
20:31:43,109
20:31:58,109
20:32:03,110
20:32:08,111
20:32:18,109
20:32:23,106
20:32:28,105
20:32:33,102
20:32:38,101
20:32:43,100
20:32:48,101
20:32:58,105
20:33:03,104
20:33:08,101
20:33:13,100
20:33:18,102
20:33:23,101
20:33:28,100
20:33:43,100
20:33:58,99
20:34:03,94
20:34:08,91
20:34:13,91
20:34:23,91
20:34:28,90
20:34:43,90
20:34:48,89
20:34:53,90
20:34:58,92
20:35:03,92
20:35:08,93
20:35:13,92
20:35:18,93
20:35:23,95
20:35:28,96
20:35:33,97
20:35:43,96
20:35:53,96
20:35:58,95
20:36:03,92
20:36:08,90
20:36:18,90
20:36:33,90
20:36:38,93
20:36:43,95
20:36:48,94
20:36:54,92
20:36:59,91
20:37:04,93
20:37:14,94
20:37:19,96
20:37:34,95
20:37:39,96
20:37:54,95
20:37:59,93
20:38:04,92
20:38:14,93
20:38:19,95
20:38:24,93
20:38:34,95
20:38:39,97
20:38:49,99
20:38:54,100
20:39:04,100
20:39:14,98
20:39:19,98
20:39:24,98
20:39:29,99
20:39:34,98
20:39:39,97
20:39:44,98
20:39:49,99
20:39:59,101
20:40:04,102
20:40:09,101
20:40:14,97
20:40:29,96
20:40:44,96
20:40:49,97
20:40:54,99
20:40:59,100
20:41:04,101
20:41:09,102
20:41:14,102
20:41:24,99
20:41:29,95
20:41:34,96
20:41:39,99
20:41:44,102
20:41:49,104
20:41:59,107
20:42:04,110
20:42:09,109
20:42:14,102
20:42:19,97
20:42:24,96
20:42:29,93
20:42:34,92
20:42:39,92
20:42:44,93
20:42:49,101
20:42:54,103
20:42:59,105
20:43:04,104
20:43:09,107
20:43:14,108
20:43:29,109
20:43:34,112
20:43:39,109
20:43:44,101
20:43:49,92
20:43:54,85
20:44:04,91
20:44:09,94
20:44:14,98
20:44:19,100
20:44:24,101
20:44:34,104
20:44:44,101
20:44:49,102
20:44:59,100
20:45:04,98
20:45:09,96
20:45:14,94
20:45:29,94
20:45:44,94
20:45:49,94
20:45:54,94
20:46:04,94
20:46:09,93
20:46:14,90
20:46:19,88
20:46:29,89
20:46:34,90
20:46:39,91
20:46:44,92
20:46:49,93
20:46:54,94
20:46:59,91
20:47:04,89
20:47:14,90
20:47:24,88
20:47:39,88
20:47:44,89
20:47:49,90
20:47:59,91
20:48:04,89
20:48:09,85
20:48:14,86
20:48:24,87
20:48:34,88
20:48:39,90
20:48:54,90
20:48:59,92
20:49:04,93
20:49:09,95
20:49:14,97
20:49:24,96
20:49:29,95
20:49:34,95
20:49:49,96
20:49:54,97
20:50:04,96
20:50:09,95
20:50:14,96
20:50:19,98
20:50:29,99
20:50:39,97
20:50:44,95
20:50:54,96
20:50:59,95
20:51:04,94
20:51:09,93
20:51:24,93
20:51:29,94
20:51:44,94
20:51:49,92
20:51:54,93
20:51:59,92
20:52:05,91
20:52:10,92
20:52:25,94
20:52:35,95
20:52:40,94
20:52:50,95
20:52:55,95
20:53:00,93
20:53:10,95
20:53:25,96
20:53:35,95
20:53:40,96
20:53:45,97
20:53:50,96
20:53:55,95
20:54:00,93
20:54:05,94
20:54:10,99
20:54:20,94
20:54:25,92
20:54:35,93
20:54:50,94
20:54:55,85
20:55:00,84
20:55:05,83
20:55:10,72
20:55:15,73
20:55:25,75
20:55:30,77
20:55:35,78
20:55:40,79
20:55:50,82
20:55:55,86
20:56:00,88
20:56:10,87
20:56:15,88
20:56:30,88
20:56:35,89
20:56:40,88
20:56:55,88
20:57:10,88
20:57:25,87
20:57:35,86
20:57:40,88
20:57:45,90
20:57:55,89
20:58:10,90
20:58:20,89
20:58:30,88
20:58:45,88
20:58:50,88
20:59:00,89
20:59:05,89
20:59:10,89
20:59:20,90
20:59:25,92
20:59:30,93
20:59:35,94
20:59:40,97
20:59:55,98
21:00:00,97
21:00:05,96
21:00:10,95
21:00:15,95
21:00:25,96
21:00:30,98
21:00:35,99
21:00:50,99
21:00:55,98
21:01:05,97
21:01:10,96
21:01:15,94
21:01:20,91
21:01:25,88
21:01:30,86
21:01:35,82
21:01:50,82
21:02:05,83
21:02:10,82
21:02:15,81
21:02:25,80
21:02:30,82
21:02:40,80
21:02:55,88
21:03:00,87
21:03:10,88
21:03:15,89
21:03:20,90
21:03:35,90
21:03:50,89
21:04:05,89
21:04:20,89
21:04:25,88
21:04:30,87
21:04:40,89
21:04:45,90
21:05:00,91
21:05:05,89
21:05:10,88
21:05:15,90
21:05:30,91
21:05:35,92
21:05:50,93
21:06:00,92
21:06:10,93
21:06:15,93
21:06:30,94
21:06:35,97
21:06:50,97
21:06:55,104
21:07:00,105
21:07:05,106
21:07:10,104
21:07:15,106
21:07:20,105
21:07:25,104
21:07:30,102
21:07:35,100
21:07:40,102
21:07:45,103
21:07:55,102
21:08:10,103
21:08:15,102
21:08:20,103
21:08:25,104
21:08:30,104
21:08:35,103
21:08:45,102
21:08:50,98
21:08:55,97
21:09:00,98
21:09:05,100
21:09:11,101
21:09:21,99
21:09:26,97
21:09:36,92
21:09:41,91
21:09:51,89
21:09:56,87
21:10:11,86
21:10:26,86
21:10:41,87
21:10:51,88
21:11:06,89
21:11:11,90
21:11:16,94
21:11:21,95
21:11:31,96
21:11:46,96
21:11:51,95
21:11:56,93
21:12:01,92
21:12:06,90
21:12:11,89
21:12:16,88
21:12:31,87
21:12:36,88
21:12:46,87
21:12:56,88
21:13:01,89
21:13:11,91
21:13:16,92
21:13:21,94
21:13:26,101
21:13:31,100
21:13:36,100
21:13:41,108
21:13:46,110
21:13:51,109
21:13:56,108
21:14:06,103
21:14:11,96
21:14:16,97
21:14:21,101
21:14:26,103
21:14:31,105
21:14:36,107
21:14:51,107
21:15:01,102
21:15:06,96
21:15:11,95
21:15:21,99
21:15:26,100
21:15:31,102
21:15:36,104
21:15:41,107
21:15:46,105
21:15:56,106
21:16:06,107
21:16:11,105
21:16:16,103
21:16:26,102
21:16:41,102
21:16:56,101
21:17:01,100
21:17:11,101
21:17:26,101
21:17:41,101
21:17:46,101
21:17:56,103
21:18:01,104
21:18:06,107
21:18:11,105
21:18:16,101
21:18:21,99
21:18:26,98
21:18:31,96
21:18:36,96
21:18:41,97
21:18:46,98
21:18:51,97
21:18:56,96
21:19:01,95
21:19:06,99
21:19:11,102
21:19:16,103
21:19:21,106
21:19:31,105
21:19:46,105
21:19:56,106
21:20:01,107
21:20:11,108
21:20:16,109
21:20:21,110
21:20:26,108
21:20:31,107
21:20:41,105
21:20:46,105
21:20:51,107
21:20:56,110
21:21:01,107
21:21:06,105
21:21:11,107
21:21:16,108
21:21:21,109
21:21:26,110
21:21:36,109
21:21:41,107
21:21:46,105
21:21:51,103
21:21:56,104
21:22:11,105
21:22:16,107
21:22:21,105
21:22:26,96
21:22:36,97
21:22:46,94
21:22:51,92
21:22:56,94
21:23:01,97
21:23:06,95
21:23:11,94
21:23:16,95
21:23:21,97
21:23:26,99
21:23:36,105
21:23:41,106
21:23:56,108
21:24:01,109
21:24:06,107
21:24:11,108
21:24:16,109
21:24:26,110
21:24:36,108
21:24:41,112
21:24:46,112
21:24:51,106
21:24:56,103
21:25:01,100
21:25:06,99
21:25:16,97
21:25:21,95
21:25:36,95
21:25:41,94
21:25:46,91
21:25:56,90
21:26:01,89
21:26:16,89
21:26:26,86
21:26:41,86
21:26:56,87
21:27:11,87
21:27:26,87
21:27:31,89
21:27:36,91
21:27:46,92
21:27:51,91
21:27:56,90
21:28:11,90
21:28:12,89
21:28:22,88
21:28:27,89
21:28:37,88
21:28:47,89
21:28:57,88
21:29:12,87
21:29:17,86
21:29:22,87
21:29:27,88
21:29:37,87
21:29:47,88
21:29:57,89
21:30:12,90
21:30:17,92
21:30:22,92
21:30:32,90
21:30:37,88
21:30:42,87
21:30:47,86
21:30:52,85
21:31:02,84
21:31:17,84
21:31:27,84
21:31:32,85
21:31:47,85
21:31:52,84
21:31:57,83
21:32:02,82
21:32:17,83
21:32:32,83
21:32:47,84
21:32:57,84
21:33:07,85
21:33:17,86
21:33:27,85
21:33:32,84
21:33:37,84
21:33:47,83
21:33:52,81
21:33:57,79
21:34:02,78
21:34:07,77
21:34:12,78
21:34:17,78
21:34:32,79
21:34:37,77
21:34:42,77
21:34:57,77
21:35:02,79
21:35:07,80
21:35:12,78
21:35:17,77
21:35:27,78
21:35:32,80
21:35:37,81
21:35:42,82
21:35:57,84
21:36:02,85
21:36:17,85
21:36:27,84
21:36:32,85
21:36:37,86
21:36:52,85
21:37:02,85
21:37:17,85
21:37:22,84
21:37:27,82
21:37:32,81
21:37:37,80
21:37:47,79
21:37:57,78
21:38:02,78
21:38:07,77
21:38:22,76
21:38:37,76
21:38:52,76
21:38:57,76
21:39:02,74
21:39:07,73
21:39:12,71
21:39:17,71
21:39:22,73
21:39:37,75
21:39:42,78
21:39:47,79
21:40:02,78
21:40:12,77
21:40:27,77
21:40:42,78
21:40:47,76
21:40:52,75
21:40:57,76
21:41:02,76
21:41:07,78
21:41:12,79
21:41:17,80
21:41:22,78
21:41:32,77
21:41:37,76
21:41:42,75
21:41:47,74
21:41:52,75
21:41:57,76
21:42:02,75
21:42:12,73
21:42:22,74
21:42:37,75
21:42:43,77
21:42:53,78
21:42:58,80
21:43:08,80
21:43:13,79
21:43:18,78
21:43:28,79
21:43:43,79
21:43:48,80
21:43:53,79
21:43:58,77
21:44:08,74
21:44:18,72
21:44:33,70
21:44:38,69
21:44:48,70
21:45:03,70
21:45:13,71
21:45:23,72
21:45:28,71
21:45:43,71
21:45:58,71
21:46:03,72
21:46:08,73
21:46:23,73
21:46:28,72
21:46:33,73
21:46:38,75
21:46:53,75
21:46:58,76
21:47:08,75
21:47:13,76
21:47:18,75
21:47:33,76
21:47:38,77
21:47:43,78
21:47:48,79
21:48:03,78
21:48:13,77
21:48:23,76
21:48:28,76
21:48:43,77
21:48:53,77
21:49:03,78
21:49:13,78
21:49:18,77
21:49:33,77
21:49:48,78
21:49:53,79
21:50:08,78
21:50:13,76
21:50:23,77
21:50:33,78
21:50:43,78
21:50:48,80
21:50:53,81
21:50:58,84
21:51:08,83
21:51:13,83
21:51:28,83
21:51:38,81
21:51:43,80
21:51:48,81
21:52:03,80
21:52:08,80
21:52:18,80
21:52:23,81
21:52:33,80
21:52:48,79
21:52:53,76
21:53:03,76
21:53:13,79
21:53:18,80
21:53:23,81
21:53:28,83
21:53:33,84
21:53:38,85
21:53:53,85
21:53:58,86
21:54:08,85
21:54:23,86
21:54:28,86
21:54:33,87
21:54:48,87
21:54:58,85
21:55:03,83
21:55:18,83
21:55:33,82
21:55:38,83
21:55:48,83
21:55:53,83
21:55:58,82
21:56:03,82
21:56:18,82
21:56:33,82
21:56:38,83
21:56:43,82
21:56:53,79
21:56:58,78
21:57:03,79
21:57:08,82
21:57:13,84
21:57:18,85
21:57:28,84
21:57:33,83
21:57:38,81
21:57:43,83
21:57:48,83
21:57:53,81
21:58:08,81
21:58:23,81
21:58:28,80
21:58:33,79
21:58:38,79
21:58:43,80
21:58:53,79
21:58:58,79
21:59:13,83
21:59:18,82
21:59:23,82
21:59:28,82
21:59:43,82
21:59:48,82
22:00:03,82
22:00:18,82
22:00:33,83
22:00:48,83
22:00:58,83
22:01:13,83
22:01:28,84
22:01:43,84
22:01:49,82
22:02:04,82
22:02:09,80
22:02:14,79
22:02:24,80
22:02:29,79
22:02:44,79
22:02:59,79
22:03:14,79
22:03:19,80
22:03:29,81
22:03:39,82
22:03:44,82
22:03:54,83
22:03:59,85
22:04:04,88
22:04:09,88
22:04:14,87
22:04:24,86
22:04:34,85
22:04:49,84
22:04:54,85
22:04:59,86
22:05:04,87
22:05:14,86
22:05:29,84
22:05:34,85
22:05:39,85
22:05:44,84
22:05:59,84
22:06:04,86
22:06:09,90
22:06:14,89
22:06:24,91
22:06:29,93
22:06:39,92
22:06:54,92
22:06:59,94
22:07:04,95
22:07:09,92
22:07:14,89
22:07:29,89
22:07:34,88
22:07:39,85
22:07:49,90
22:07:54,91
22:08:04,90
22:08:19,88
22:08:34,88
22:08:44,87
22:08:59,87
22:09:04,86
22:09:19,86
22:09:24,83
22:09:29,82
22:09:34,80
22:09:39,81
22:09:54,81
22:10:09,79
22:10:14,78
22:10:29,78
22:10:34,79
22:10:39,80
22:10:54,80
22:11:04,81
22:11:14,82
22:11:19,81
22:11:29,82
22:11:39,83
22:11:49,85
22:11:54,86
22:11:59,87
22:12:04,85
22:12:09,83
22:12:19,78
22:12:24,76
22:12:29,76
22:12:44,78
22:12:49,78
22:12:54,80
22:12:59,82
22:13:04,83
22:13:09,82
22:13:14,80
22:13:19,81
22:13:24,81
22:13:29,82
22:13:44,81
22:13:49,82
22:13:54,83
22:13:59,85
22:14:04,87
22:14:14,86
22:14:19,85
22:14:34,85
22:14:39,86
22:14:54,86
22:14:59,87
22:15:14,86
22:15:19,84
22:15:24,85
22:15:29,86
22:15:34,87
22:15:49,86
22:15:59,85
22:16:04,84
22:16:14,83
22:16:19,83
22:16:24,83
22:16:39,83
22:16:44,82
22:16:49,80
22:16:54,81
22:16:59,82
22:17:09,83
22:17:24,83
22:17:29,84
22:17:44,84
22:17:54,83
22:18:09,83
22:18:14,80
22:18:19,80
22:18:34,80
22:18:39,83
22:18:54,83
22:19:09,83
22:19:19,84
22:19:24,85
22:19:39,85
22:19:44,100
22:19:54,99
22:20:00,98
22:20:15,98
22:20:25,97
22:20:30,93
22:20:35,92
22:20:40,91
22:20:45,90
22:20:50,88
22:20:55,87
22:21:10,88
22:21:20,89
22:21:30,90
22:21:35,91
22:21:40,92
22:21:45,91
22:21:50,92
22:22:00,93
22:22:05,93
22:22:10,92
22:22:20,91
22:22:35,93
22:22:45,91
22:22:55,90
22:23:10,89
22:23:15,86
22:23:25,88
22:23:30,93
22:23:35,95
22:23:40,94
22:23:45,93
22:23:50,92
22:23:55,93
22:24:00,96
22:24:05,103
22:24:10,106
22:24:15,105
22:24:25,103
22:24:40,103
22:24:45,104
22:24:50,105
22:24:55,106
22:25:05,110
22:25:10,111
22:25:15,110
22:25:20,109
22:25:25,111
22:25:30,113
22:25:35,115
22:25:45,114
22:25:50,112
22:25:55,110
22:26:00,107
22:26:05,104
22:26:10,102
22:26:15,103
22:26:20,101
22:26:25,98
22:26:30,96
22:26:35,95
22:26:40,93
22:26:45,93
22:27:00,95
22:27:05,94
22:27:10,92
22:27:15,93
22:27:20,92
22:27:25,91
22:27:30,92
22:27:35,93
22:27:40,97
22:27:45,102
22:27:50,103
22:27:55,104
22:28:00,107
22:28:05,108
22:28:15,106
22:28:20,105
22:28:25,106
22:28:30,105
22:28:35,100
22:28:40,97
22:28:45,96
22:28:50,95
22:29:00,97
22:29:05,99
22:29:10,101
22:29:20,100
22:29:25,98
22:29:30,96
22:29:45,93
22:30:00,97
22:30:05,100
22:30:10,101
22:30:15,102
22:30:20,106
22:30:25,105
22:30:30,104
22:30:35,104
22:30:40,110
22:30:50,110
22:31:00,112
22:31:05,110
22:31:10,109
22:31:15,112
22:31:20,111
22:31:25,108
22:31:30,109
22:31:35,110
22:31:40,112
22:31:45,110
22:32:00,114
22:32:05,115
22:32:10,114
22:32:15,113
22:32:20,106
22:32:25,102
22:32:30,101
22:32:35,102
22:32:40,103
22:32:45,106
22:32:50,107
22:32:55,109
22:33:10,108
22:33:15,99
22:33:20,96
22:33:25,97
22:33:30,95
22:33:35,92
22:33:45,95
22:33:50,96
22:33:55,97
22:34:05,98
22:34:10,98
22:34:15,101
22:34:21,98
22:34:26,97
22:34:31,98
22:34:36,99
22:34:41,100
22:34:46,100
22:35:01,100
22:35:06,99
22:35:11,98
22:35:16,96
22:35:21,97
22:35:36,98
22:35:41,99
22:35:51,100
22:36:06,100
22:36:21,99
22:36:26,97
22:36:31,97
22:36:36,96
22:36:51,96
22:36:56,97
22:37:01,100
22:37:06,100
22:37:11,99
22:37:16,98
22:37:31,98
22:37:36,99
22:37:41,100
22:37:56,99
22:38:06,97
22:38:11,94
22:38:16,95
22:38:26,96
22:38:31,97
22:38:41,98
22:38:46,97
22:38:51,95
22:39:01,96
22:39:06,97
22:39:11,95
22:39:16,94
22:39:31,94
22:39:36,96
22:39:41,97
22:39:51,96
22:39:56,95
22:40:06,97
22:40:11,99
22:40:16,97
22:40:21,96
22:40:31,95
22:40:46,95
22:40:51,97
22:40:56,99
22:41:01,99
22:41:11,101
22:41:16,103
22:41:21,106
22:41:36,103
22:41:41,99
22:41:51,97
22:41:56,95
22:42:01,94
22:42:16,94
22:42:31,93
22:42:46,92
22:42:56,91
22:43:01,90
22:43:06,89
22:43:11,88
22:43:16,91
22:43:21,93
22:43:26,94
22:43:36,95
22:43:41,93
22:43:51,94
22:44:06,94
22:44:16,82
22:44:31,83
22:44:41,83
22:44:46,83
22:44:51,84
22:44:56,85
22:45:01,84
22:45:11,85
22:45:26,86
22:45:36,88
22:45:41,90
22:45:46,91
22:45:51,89
22:45:56,90
22:46:11,91
22:46:26,91
22:46:41,93
22:46:46,96
22:46:51,101
22:47:06,100
22:47:11,99
22:47:16,100
22:47:21,98
22:47:26,97
22:47:31,100
22:47:41,97
22:47:46,95
22:47:51,94
22:47:56,91
22:48:01,90
22:48:06,90
22:48:16,89
22:48:26,90
22:48:41,88
22:48:46,89
22:48:51,95
22:48:56,99
22:49:01,100
22:49:06,99
22:49:11,101
22:49:16,102
22:49:21,103
22:49:31,103
22:49:36,101
22:49:46,101
22:49:56,102
22:50:11,102
22:50:16,103
22:50:21,102
22:50:26,100
22:50:31,98
22:50:36,95
22:50:41,92
22:50:56,90
22:51:01,89
22:51:16,89
22:51:26,91
22:51:32,91
22:51:37,89
22:51:47,90
22:51:52,91
22:51:57,92
22:52:02,94
22:52:07,95
22:52:22,95
22:52:27,96
22:52:32,100
22:52:37,103
22:52:42,102
22:52:47,104
22:52:52,107
22:52:57,106
22:53:12,110
22:53:17,113
22:53:27,112
22:53:32,111
22:53:37,112
22:53:52,113
22:53:57,112
22:54:02,113
22:54:07,112
22:54:12,111
22:54:17,112
22:54:22,109
22:54:27,107
22:54:32,108
22:54:37,111
22:54:42,112
22:54:47,111
22:54:52,107
22:54:57,104
22:55:02,101
22:55:07,100
22:55:17,99
22:55:22,98
22:55:27,95
22:55:32,94
22:55:47,96
22:55:52,97
22:56:02,100
22:56:07,104
22:56:12,105
22:56:17,106
22:56:22,103
22:56:27,89
22:56:32,86
22:56:42,87
22:56:47,88
22:57:02,87
22:57:07,88
22:57:12,88
22:57:17,87
22:57:22,86
22:57:27,85
22:57:32,83
22:57:37,84
22:57:42,86
22:57:47,82
22:57:52,80
22:58:07,81
22:58:12,83
22:58:17,86
22:58:22,87
22:58:27,88
22:58:42,89
22:58:52,90
22:58:57,89
22:59:02,90
22:59:07,91
22:59:12,92
22:59:22,91
22:59:37,90
22:59:42,90
22:59:57,90
23:00:12,90
23:00:17,89
23:00:32,89
23:00:37,89
23:00:47,89
23:00:57,87
23:01:02,86
23:01:07,85
23:01:17,85
23:01:22,85
23:01:32,86
23:01:42,87
23:01:47,88
23:01:52,87
23:02:07,89
23:02:17,91
23:02:22,91
23:02:27,91
23:02:42,91
23:02:47,89
23:03:02,88
23:03:17,90
23:03:32,90
23:03:42,91
23:03:47,92
23:03:52,91
23:03:57,92
23:04:07,93
23:04:22,94
23:04:27,95
23:04:32,94
23:04:37,93
23:04:47,92
23:05:02,92
23:05:17,92
23:05:32,93
23:05:37,94
23:05:47,93
23:06:02,94
23:06:12,94
23:06:17,95
23:06:32,96
23:06:47,97
23:06:52,98
23:06:57,99
23:07:02,98
23:07:07,96
23:07:12,95
23:07:17,95
23:07:27,100
23:07:32,102
23:07:37,102
23:07:42,103
23:07:47,104
23:07:52,102
23:07:57,101
23:08:12,101
23:08:13,101
23:08:23,100
23:08:28,99
23:08:43,101
23:08:48,103
23:08:53,102
23:08:58,101
23:09:03,102
23:09:08,103
23:09:23,102
23:09:33,106
23:09:38,109
23:09:43,111
23:09:48,108
23:09:53,118
23:09:58,122
23:10:03,120
23:10:18,118
23:10:23,113
23:10:28,112
23:10:43,110
23:10:53,111
23:10:58,110
23:11:08,111
23:11:13,112
23:11:23,110
23:11:28,107
23:11:33,106
23:11:38,109
23:11:48,111
23:11:53,109
23:11:58,108
23:12:03,109
23:12:18,110
23:12:23,111
23:12:38,112
23:12:43,116
23:12:48,117
23:12:53,116
23:12:58,118
23:13:08,116
23:13:13,111
23:13:18,109
23:13:23,106
23:13:28,105
23:13:33,109
23:13:38,110
23:13:43,109
23:13:48,110
23:13:53,111
23:13:58,111
23:14:08,112
23:14:13,111
23:14:18,109
23:14:28,110
23:14:33,109
23:14:38,108
23:14:43,107
23:14:53,107
23:14:58,108
23:15:03,112
23:15:13,111
23:15:18,110
23:15:23,109
23:15:28,108
23:15:43,109
23:15:48,108
23:15:58,109
23:16:08,108
23:16:18,110
23:16:33,113
23:16:38,115
23:16:43,117
23:16:53,113
23:16:58,109
23:17:03,113
23:17:08,113
23:17:13,113
23:17:18,115
23:17:23,117
23:17:28,118
23:17:38,119
23:17:43,118
23:17:48,117
23:17:53,116
23:17:58,112
23:18:03,109
23:18:08,111
23:18:13,110
23:18:23,108
23:18:28,103
23:18:33,100
23:18:38,97
23:18:43,96
23:18:48,88
23:18:53,86
23:18:58,87
23:19:03,88
23:19:13,87
23:19:18,87
23:19:28,87
23:19:43,87
23:19:53,87
23:20:03,88
23:20:18,88
23:20:33,89
23:20:48,89
23:20:53,89
23:20:58,87
23:21:03,79
23:21:18,79
23:21:23,83
23:21:28,86
23:21:43,86
23:21:48,85
23:21:53,86
23:21:58,85
23:22:03,86
23:22:08,86
23:22:18,86
23:22:33,86
23:22:38,84
23:22:43,83
23:22:48,80
23:22:53,79
23:23:08,79
23:23:18,80
23:23:23,81
23:23:38,81
23:23:43,82
23:23:48,84
23:23:58,83
23:24:03,82
23:24:18,84
23:24:23,84
23:24:28,83
23:24:38,82
23:24:43,81
23:24:58,81
23:25:13,81
23:25:18,85
23:25:23,86
23:25:38,86
23:27:54,80
23:28:04,81
23:28:09,82
23:28:24,82
23:28:39,82
23:28:49,83
23:28:59,84
23:29:04,82
23:29:19,82
23:29:24,81
23:29:34,82
23:29:39,84
23:29:54,85
23:29:59,86
23:30:14,86
23:30:29,87
23:30:34,88
23:30:44,89
23:30:54,91
23:31:09,91
23:31:24,91
23:31:34,89
23:31:39,89
23:31:44,90
23:31:49,89
23:32:04,89
23:32:19,88
23:32:24,88
23:32:39,88
23:32:54,89
23:33:09,88
23:33:24,88
23:33:29,87
23:33:34,86
23:33:39,85
23:33:44,84
23:33:54,85
23:34:09,85
23:34:19,86
23:34:29,84
23:34:34,84
23:34:39,85
23:34:49,84
23:35:04,84
23:35:09,85
23:35:24,85
23:35:39,85
23:35:54,85
23:35:59,84
23:36:04,84
23:36:09,84
23:36:14,83
23:36:19,84
23:36:34,84
23:36:39,84
23:36:49,83
23:37:04,83
23:37:19,84
23:37:34,84
23:37:44,82
23:37:54,83
23:38:04,83
23:38:14,83
23:38:19,87
23:38:24,88
23:38:39,88
23:38:49,88
23:38:54,90
23:38:59,92
23:39:04,92
23:39:09,90
23:39:14,89
23:39:29,88
23:39:44,88
23:39:54,83
23:39:59,78
23:40:14,78
23:40:24,79
23:40:29,80
23:40:34,79
23:40:39,77
23:40:44,77
23:40:49,79
23:41:04,79
23:41:19,79
23:41:34,79
23:41:44,80
23:41:49,79
23:41:54,77
23:42:04,79
23:42:09,82
23:42:24,82
23:42:34,81
23:42:39,82
23:42:44,83
23:42:49,84
23:42:54,83
23:42:59,82
23:43:14,82
23:43:19,82
23:43:29,83
23:43:34,84
23:43:39,85
23:43:49,84
23:44:04,84
23:44:20,88
23:44:25,87
23:44:40,87
23:44:45,85
23:44:50,84
23:45:05,84
23:45:10,85
23:45:15,87
23:45:20,84
23:45:25,83
23:45:30,84
23:45:40,85
23:45:55,85
23:46:10,85
23:46:15,85
23:46:30,85
23:46:35,86
23:46:50,86
23:47:00,87
23:47:15,87
23:47:25,88
23:47:30,80
23:47:45,81
23:48:00,81
23:48:10,83
23:48:15,84
23:48:25,84
23:48:30,85
23:48:40,85
23:48:45,86
23:49:00,86
23:49:15,86
23:49:30,85
23:49:45,86
23:49:50,86
23:49:55,86
23:50:00,86
23:50:15,86
23:50:20,86
23:50:25,87
23:50:40,87
23:50:55,87
23:51:10,86
23:51:15,87
23:51:20,88
23:51:35,88
23:51:50,88
23:52:05,86
23:52:10,87
23:52:20,86
23:52:35,86
23:52:40,86
23:52:55,86
23:53:00,87
23:53:05,87
23:53:15,86
23:53:30,86
23:53:45,86
23:53:50,86
23:54:05,86
23:54:10,85
23:54:15,84
23:54:30,84
23:54:45,84
23:54:50,85
23:55:00,83
23:55:05,82
23:55:20,83
23:55:25,86
23:55:30,85
23:55:35,84
23:55:50,84
23:56:00,84
23:56:05,83
23:56:10,84
23:56:15,86
23:56:20,85
23:56:25,86
23:56:30,88
23:56:45,88
23:56:50,89
23:56:55,88
23:57:00,87
23:57:10,88
23:57:15,89
23:57:20,88
23:57:25,83
23:57:35,85
23:57:40,87
23:57:45,89
23:57:50,88
23:57:55,86
23:58:00,84
23:58:05,81
23:58:15,82
23:58:30,83
23:58:35,84
23:58:40,92
23:58:45,102
23:58:50,111
23:58:55,107
