Date,caloriesOut,name,restingHeartRate,HR max,HR min
2020-12-04,2080.86164,Out of Range,70,101,30
