Date,caloriesOut,name,restingHeartRate,HR max,HR min
2020-10-23,639.87596,Out of Range,70,100,30
