Date,Steps
2021-03-21,21716
