Date,caloriesOut,name,restingHeartRate,HR max,HR min
2020-11-19,318.2553,Out of Range,89,100,30
