Date,Steps
2021-05-24,12242
