Date,Steps
2021-03-30,6758
