Date,caloriesOut,name,restingHeartRate,HR max,HR min
2020-11-04,1368.39216,Out of Range,66,101,30
