Date,Steps
2021-05-31,15370
