Date,Steps
2021-04-13,10335
