Date,Steps
2021-05-12,1706
