Time,State,Calories,Interpreted
00:00:00,0,0.9789000153541565,sedentary
00:01:00,0,1.0767899751663208,sedentary
00:02:00,0,0.9789000153541565,sedentary
00:03:00,0,1.0767899751663208,sedentary
00:04:00,0,0.9789000153541565,sedentary
00:05:00,0,0.9789000153541565,sedentary
00:06:00,0,0.9789000153541565,sedentary
00:07:00,0,0.9789000153541565,sedentary
00:08:00,0,0.9789000153541565,sedentary
00:09:00,0,1.0767899751663208,sedentary
00:10:00,0,0.9789000153541565,sedentary
00:11:00,0,0.9789000153541565,sedentary
00:12:00,0,0.9789000153541565,sedentary
00:13:00,0,1.0767899751663208,sedentary
00:14:00,0,0.9789000153541565,sedentary
00:15:00,0,1.0767899751663208,sedentary
00:16:00,1,2.545140027999878,lightly
00:17:00,1,3.1324799060821533,lightly
00:18:00,1,2.3493599891662598,lightly
00:19:00,0,1.0767899751663208,sedentary
00:20:00,0,1.0767899751663208,sedentary
00:21:00,1,2.740920066833496,lightly
00:22:00,1,2.740920066833496,lightly
00:23:00,1,2.740920066833496,lightly
00:24:00,0,1.0767899751663208,sedentary
00:25:00,0,1.0767899751663208,sedentary
00:26:00,1,2.3493599891662598,lightly
00:27:00,0,1.0767899751663208,sedentary
00:28:00,0,1.0767899751663208,sedentary
00:29:00,0,0.9789000153541565,sedentary
00:30:00,1,2.545140027999878,lightly
00:31:00,0,1.0767899751663208,sedentary
00:32:00,0,1.272570013999939,sedentary
00:33:00,0,1.1746799945831299,sedentary
00:34:00,0,1.0767899751663208,sedentary
00:35:00,0,0.9789000153541565,sedentary
00:36:00,0,0.9789000153541565,sedentary
00:37:00,0,1.0767899751663208,sedentary
00:38:00,0,1.1746799945831299,sedentary
00:39:00,0,1.1746799945831299,sedentary
00:40:00,0,1.1746799945831299,sedentary
00:41:00,1,2.3493599891662598,lightly
00:42:00,1,5.8734002113342285,lightly
00:43:00,1,5.677619934082031,lightly
00:44:00,0,1.1746799945831299,sedentary
00:45:00,1,3.3282599449157715,lightly
00:46:00,1,3.5240399837493896,lightly
00:47:00,1,3.034590005874634,lightly
00:48:00,1,2.9367001056671143,lightly
00:49:00,0,1.272570013999939,sedentary
00:50:00,0,0.9789000153541565,sedentary
00:51:00,0,0.9789000153541565,sedentary
00:52:00,0,0.9789000153541565,sedentary
00:53:00,0,1.0767899751663208,sedentary
00:54:00,0,1.0767899751663208,sedentary
00:55:00,0,1.0767899751663208,sedentary
00:56:00,0,1.0767899751663208,sedentary
00:57:00,0,0.9789000153541565,sedentary
00:58:00,0,1.0767899751663208,sedentary
00:59:00,0,0.9789000153541565,sedentary
01:00:00,0,0.9789000153541565,sedentary
01:01:00,0,1.0767899751663208,sedentary
01:02:00,0,1.0767899751663208,sedentary
01:03:00,0,1.272570013999939,sedentary
01:04:00,0,1.272570013999939,sedentary
01:05:00,1,2.740920066833496,lightly
01:06:00,1,2.9367001056671143,lightly
01:07:00,1,2.740920066833496,lightly
01:08:00,1,3.5240399837493896,lightly
01:09:00,1,2.740920066833496,lightly
01:10:00,0,1.0767899751663208,sedentary
01:11:00,1,2.740920066833496,lightly
01:12:00,1,2.740920066833496,lightly
01:13:00,1,2.740920066833496,lightly
01:14:00,1,3.1324799060821533,lightly
01:15:00,1,2.740920066833496,lightly
01:16:00,0,1.272570013999939,sedentary
01:17:00,1,2.9367001056671143,lightly
01:18:00,1,2.740920066833496,lightly
01:19:00,1,2.3493599891662598,lightly
01:20:00,0,1.0767899751663208,sedentary
01:21:00,1,2.3493599891662598,lightly
01:22:00,1,2.3493599891662598,lightly
01:23:00,0,1.0767899751663208,sedentary
01:24:00,0,1.0767899751663208,sedentary
01:25:00,1,2.3493599891662598,lightly
01:26:00,0,1.0767899751663208,sedentary
01:27:00,0,1.0767899751663208,sedentary
01:28:00,1,2.3493599891662598,lightly
01:29:00,0,0.9789000153541565,sedentary
01:30:00,0,0.9789000153541565,sedentary
01:31:00,0,1.0767899751663208,sedentary
01:32:00,0,0.9789000153541565,sedentary
01:33:00,0,1.0767899751663208,sedentary
01:34:00,0,1.0767899751663208,sedentary
01:35:00,0,1.0767899751663208,sedentary
01:36:00,0,1.0767899751663208,sedentary
01:37:00,0,0.9789000153541565,sedentary
01:38:00,0,0.9789000153541565,sedentary
01:39:00,0,0.9789000153541565,sedentary
01:40:00,0,0.9789000153541565,sedentary
01:41:00,0,0.9789000153541565,sedentary
01:42:00,0,0.9789000153541565,sedentary
01:43:00,0,0.9789000153541565,sedentary
01:44:00,0,0.9789000153541565,sedentary
01:45:00,0,0.9789000153541565,sedentary
01:46:00,0,0.9789000153541565,sedentary
01:47:00,0,0.9789000153541565,sedentary
01:48:00,0,0.9789000153541565,sedentary
01:49:00,0,0.9789000153541565,sedentary
01:50:00,0,0.9789000153541565,sedentary
01:51:00,0,0.9789000153541565,sedentary
01:52:00,0,0.9789000153541565,sedentary
01:53:00,0,0.9789000153541565,sedentary
01:54:00,0,0.9789000153541565,sedentary
01:55:00,0,0.9789000153541565,sedentary
01:56:00,0,0.9789000153541565,sedentary
01:57:00,0,0.9789000153541565,sedentary
01:58:00,0,0.9789000153541565,sedentary
01:59:00,0,0.9789000153541565,sedentary
02:00:00,0,0.9789000153541565,sedentary
02:01:00,0,0.9789000153541565,sedentary
02:02:00,0,0.9789000153541565,sedentary
02:03:00,0,0.9789000153541565,sedentary
02:04:00,0,0.9789000153541565,sedentary
02:05:00,0,0.9789000153541565,sedentary
02:06:00,0,0.9789000153541565,sedentary
02:07:00,0,0.9789000153541565,sedentary
02:08:00,0,0.9789000153541565,sedentary
02:09:00,0,0.9789000153541565,sedentary
02:10:00,0,0.9789000153541565,sedentary
02:11:00,0,0.9789000153541565,sedentary
02:12:00,0,0.9789000153541565,sedentary
02:13:00,0,0.9789000153541565,sedentary
02:14:00,0,0.9789000153541565,sedentary
02:15:00,0,0.9789000153541565,sedentary
02:16:00,0,0.9789000153541565,sedentary
02:17:00,0,0.9789000153541565,sedentary
02:18:00,0,0.9789000153541565,sedentary
02:19:00,0,0.9789000153541565,sedentary
02:20:00,0,0.9789000153541565,sedentary
02:21:00,0,0.9789000153541565,sedentary
02:22:00,0,0.9789000153541565,sedentary
02:23:00,0,0.9789000153541565,sedentary
02:24:00,0,0.9789000153541565,sedentary
02:25:00,0,0.9789000153541565,sedentary
02:26:00,0,0.9789000153541565,sedentary
02:27:00,0,0.9789000153541565,sedentary
02:28:00,0,0.9789000153541565,sedentary
02:29:00,0,0.9789000153541565,sedentary
02:30:00,0,0.9789000153541565,sedentary
02:31:00,0,0.9789000153541565,sedentary
02:32:00,0,0.9789000153541565,sedentary
02:33:00,0,0.9789000153541565,sedentary
02:34:00,0,0.9789000153541565,sedentary
02:35:00,0,0.9789000153541565,sedentary
02:36:00,0,0.9789000153541565,sedentary
02:37:00,0,0.9789000153541565,sedentary
02:38:00,0,0.9789000153541565,sedentary
02:39:00,0,0.9789000153541565,sedentary
02:40:00,0,0.9789000153541565,sedentary
02:41:00,0,0.9789000153541565,sedentary
02:42:00,0,0.9789000153541565,sedentary
02:43:00,0,0.9789000153541565,sedentary
02:44:00,0,0.9789000153541565,sedentary
02:45:00,0,0.9789000153541565,sedentary
02:46:00,0,0.9789000153541565,sedentary
02:47:00,0,0.9789000153541565,sedentary
02:48:00,0,0.9789000153541565,sedentary
02:49:00,0,0.9789000153541565,sedentary
02:50:00,0,0.9789000153541565,sedentary
02:51:00,0,0.9789000153541565,sedentary
02:52:00,0,0.9789000153541565,sedentary
02:53:00,0,0.9789000153541565,sedentary
02:54:00,0,0.9789000153541565,sedentary
02:55:00,0,0.9789000153541565,sedentary
02:56:00,0,0.9789000153541565,sedentary
02:57:00,0,0.9789000153541565,sedentary
02:58:00,0,0.9789000153541565,sedentary
02:59:00,0,0.9789000153541565,sedentary
03:00:00,0,0.9789000153541565,sedentary
03:01:00,0,0.9789000153541565,sedentary
03:02:00,0,0.9789000153541565,sedentary
03:03:00,0,0.9789000153541565,sedentary
03:04:00,0,0.9789000153541565,sedentary
03:05:00,0,0.9789000153541565,sedentary
03:06:00,0,0.9789000153541565,sedentary
03:07:00,0,0.9789000153541565,sedentary
03:08:00,0,0.9789000153541565,sedentary
03:09:00,0,0.9789000153541565,sedentary
03:10:00,0,0.9789000153541565,sedentary
03:11:00,0,0.9789000153541565,sedentary
03:12:00,0,0.9789000153541565,sedentary
03:13:00,0,0.9789000153541565,sedentary
03:14:00,0,0.9789000153541565,sedentary
03:15:00,0,0.9789000153541565,sedentary
03:16:00,0,0.9789000153541565,sedentary
03:17:00,0,0.9789000153541565,sedentary
03:18:00,0,0.9789000153541565,sedentary
03:19:00,0,0.9789000153541565,sedentary
03:20:00,0,0.9789000153541565,sedentary
03:21:00,0,0.9789000153541565,sedentary
03:22:00,0,0.9789000153541565,sedentary
03:23:00,0,0.9789000153541565,sedentary
03:24:00,0,0.9789000153541565,sedentary
03:25:00,0,0.9789000153541565,sedentary
03:26:00,0,0.9789000153541565,sedentary
03:27:00,0,0.9789000153541565,sedentary
03:28:00,0,0.9789000153541565,sedentary
03:29:00,0,0.9789000153541565,sedentary
03:30:00,0,0.9789000153541565,sedentary
03:31:00,0,0.9789000153541565,sedentary
03:32:00,0,0.9789000153541565,sedentary
03:33:00,0,0.9789000153541565,sedentary
03:34:00,0,0.9789000153541565,sedentary
03:35:00,0,0.9789000153541565,sedentary
03:36:00,0,0.9789000153541565,sedentary
03:37:00,0,0.9789000153541565,sedentary
03:38:00,0,0.9789000153541565,sedentary
03:39:00,0,0.9789000153541565,sedentary
03:40:00,0,0.9789000153541565,sedentary
03:41:00,0,0.9789000153541565,sedentary
03:42:00,0,0.9789000153541565,sedentary
03:43:00,0,0.9789000153541565,sedentary
03:44:00,0,0.9789000153541565,sedentary
03:45:00,0,0.9789000153541565,sedentary
03:46:00,0,0.9789000153541565,sedentary
03:47:00,0,0.9789000153541565,sedentary
03:48:00,0,0.9789000153541565,sedentary
03:49:00,0,0.9789000153541565,sedentary
03:50:00,0,0.9789000153541565,sedentary
03:51:00,0,0.9789000153541565,sedentary
03:52:00,0,0.9789000153541565,sedentary
03:53:00,0,0.9789000153541565,sedentary
03:54:00,0,0.9789000153541565,sedentary
03:55:00,0,0.9789000153541565,sedentary
03:56:00,0,0.9789000153541565,sedentary
03:57:00,0,0.9789000153541565,sedentary
03:58:00,0,0.9789000153541565,sedentary
03:59:00,0,0.9789000153541565,sedentary
04:00:00,0,0.9789000153541565,sedentary
04:01:00,0,0.9789000153541565,sedentary
04:02:00,0,0.9789000153541565,sedentary
04:03:00,0,0.9789000153541565,sedentary
04:04:00,0,0.9789000153541565,sedentary
04:05:00,0,0.9789000153541565,sedentary
04:06:00,0,0.9789000153541565,sedentary
04:07:00,0,0.9789000153541565,sedentary
04:08:00,0,0.9789000153541565,sedentary
04:09:00,0,0.9789000153541565,sedentary
04:10:00,0,0.9789000153541565,sedentary
04:11:00,0,0.9789000153541565,sedentary
04:12:00,0,0.9789000153541565,sedentary
04:13:00,0,1.0767899751663208,sedentary
04:14:00,0,0.9789000153541565,sedentary
04:15:00,0,0.9789000153541565,sedentary
04:16:00,0,0.9789000153541565,sedentary
04:17:00,0,0.9789000153541565,sedentary
04:18:00,0,0.9789000153541565,sedentary
04:19:00,0,0.9789000153541565,sedentary
04:20:00,0,0.9789000153541565,sedentary
04:21:00,0,0.9789000153541565,sedentary
04:22:00,0,0.9789000153541565,sedentary
04:23:00,0,0.9789000153541565,sedentary
04:24:00,0,0.9789000153541565,sedentary
04:25:00,0,0.9789000153541565,sedentary
04:26:00,0,0.9789000153541565,sedentary
04:27:00,0,0.9789000153541565,sedentary
04:28:00,0,0.9789000153541565,sedentary
04:29:00,0,0.9789000153541565,sedentary
04:30:00,0,1.0767899751663208,sedentary
04:31:00,0,1.0767899751663208,sedentary
04:32:00,0,0.9789000153541565,sedentary
04:33:00,0,0.9789000153541565,sedentary
04:34:00,0,0.9789000153541565,sedentary
04:35:00,0,0.9789000153541565,sedentary
04:36:00,0,0.9789000153541565,sedentary
04:37:00,0,0.9789000153541565,sedentary
04:38:00,0,0.9789000153541565,sedentary
04:39:00,0,0.9789000153541565,sedentary
04:40:00,0,0.9789000153541565,sedentary
04:41:00,0,0.9789000153541565,sedentary
04:42:00,0,0.9789000153541565,sedentary
04:43:00,0,0.9789000153541565,sedentary
04:44:00,0,0.9789000153541565,sedentary
04:45:00,0,0.9789000153541565,sedentary
04:46:00,0,0.9789000153541565,sedentary
04:47:00,0,0.9789000153541565,sedentary
04:48:00,0,0.9789000153541565,sedentary
04:49:00,0,0.9789000153541565,sedentary
04:50:00,0,0.9789000153541565,sedentary
04:51:00,0,1.0767899751663208,sedentary
04:52:00,0,0.9789000153541565,sedentary
04:53:00,0,0.9789000153541565,sedentary
04:54:00,0,0.9789000153541565,sedentary
04:55:00,0,0.9789000153541565,sedentary
04:56:00,0,1.0767899751663208,sedentary
04:57:00,0,0.9789000153541565,sedentary
04:58:00,0,0.9789000153541565,sedentary
04:59:00,0,0.9789000153541565,sedentary
05:00:00,0,0.9789000153541565,sedentary
05:01:00,0,0.9789000153541565,sedentary
05:02:00,0,0.9789000153541565,sedentary
05:03:00,0,0.9789000153541565,sedentary
05:04:00,0,0.9789000153541565,sedentary
05:05:00,0,0.9789000153541565,sedentary
05:06:00,0,0.9789000153541565,sedentary
05:07:00,0,0.9789000153541565,sedentary
05:08:00,0,0.9789000153541565,sedentary
05:09:00,0,0.9789000153541565,sedentary
05:10:00,0,0.9789000153541565,sedentary
05:11:00,0,0.9789000153541565,sedentary
05:12:00,0,0.9789000153541565,sedentary
05:13:00,0,0.9789000153541565,sedentary
05:14:00,0,0.9789000153541565,sedentary
05:15:00,0,0.9789000153541565,sedentary
05:16:00,0,0.9789000153541565,sedentary
05:17:00,0,0.9789000153541565,sedentary
05:18:00,0,0.9789000153541565,sedentary
05:19:00,0,0.9789000153541565,sedentary
05:20:00,0,0.9789000153541565,sedentary
05:21:00,0,0.9789000153541565,sedentary
05:22:00,0,0.9789000153541565,sedentary
05:23:00,0,0.9789000153541565,sedentary
05:24:00,0,0.9789000153541565,sedentary
05:25:00,0,0.9789000153541565,sedentary
05:26:00,0,0.9789000153541565,sedentary
05:27:00,0,0.9789000153541565,sedentary
05:28:00,0,0.9789000153541565,sedentary
05:29:00,0,0.9789000153541565,sedentary
05:30:00,0,0.9789000153541565,sedentary
05:31:00,0,0.9789000153541565,sedentary
05:32:00,0,0.9789000153541565,sedentary
05:33:00,0,0.9789000153541565,sedentary
05:34:00,0,0.9789000153541565,sedentary
05:35:00,0,0.9789000153541565,sedentary
05:36:00,0,0.9789000153541565,sedentary
05:37:00,0,0.9789000153541565,sedentary
05:38:00,0,0.9789000153541565,sedentary
05:39:00,0,1.0767899751663208,sedentary
05:40:00,0,0.9789000153541565,sedentary
05:41:00,0,0.9789000153541565,sedentary
05:42:00,0,0.9789000153541565,sedentary
05:43:00,0,0.9789000153541565,sedentary
05:44:00,0,0.9789000153541565,sedentary
05:45:00,0,0.9789000153541565,sedentary
05:46:00,0,0.9789000153541565,sedentary
05:47:00,0,0.9789000153541565,sedentary
05:48:00,0,1.0767899751663208,sedentary
05:49:00,0,0.9789000153541565,sedentary
05:50:00,0,0.9789000153541565,sedentary
05:51:00,0,0.9789000153541565,sedentary
05:52:00,0,0.9789000153541565,sedentary
05:53:00,0,0.9789000153541565,sedentary
05:54:00,0,0.9789000153541565,sedentary
05:55:00,0,0.9789000153541565,sedentary
05:56:00,0,1.0767899751663208,sedentary
05:57:00,0,0.9789000153541565,sedentary
05:58:00,0,0.9789000153541565,sedentary
05:59:00,0,0.9789000153541565,sedentary
06:00:00,0,1.0767899751663208,sedentary
06:01:00,0,0.9789000153541565,sedentary
06:02:00,0,0.9789000153541565,sedentary
06:03:00,0,0.9789000153541565,sedentary
06:04:00,0,0.9789000153541565,sedentary
06:05:00,0,0.9789000153541565,sedentary
06:06:00,0,0.9789000153541565,sedentary
06:07:00,0,0.9789000153541565,sedentary
06:08:00,0,0.9789000153541565,sedentary
06:09:00,0,1.0767899751663208,sedentary
06:10:00,0,0.9789000153541565,sedentary
06:11:00,0,0.9789000153541565,sedentary
06:12:00,0,0.9789000153541565,sedentary
06:13:00,0,0.9789000153541565,sedentary
06:14:00,0,0.9789000153541565,sedentary
06:15:00,0,0.9789000153541565,sedentary
06:16:00,0,0.9789000153541565,sedentary
06:17:00,0,0.9789000153541565,sedentary
06:18:00,0,0.9789000153541565,sedentary
06:19:00,0,0.9789000153541565,sedentary
06:20:00,0,0.9789000153541565,sedentary
06:21:00,0,0.9789000153541565,sedentary
06:22:00,0,0.9789000153541565,sedentary
06:23:00,0,0.9789000153541565,sedentary
06:24:00,0,0.9789000153541565,sedentary
06:25:00,0,1.0767899751663208,sedentary
06:26:00,0,0.9789000153541565,sedentary
06:27:00,0,0.9789000153541565,sedentary
06:28:00,0,0.9789000153541565,sedentary
06:29:00,0,0.9789000153541565,sedentary
06:30:00,0,0.9789000153541565,sedentary
06:31:00,0,0.9789000153541565,sedentary
06:32:00,0,1.0767899751663208,sedentary
06:33:00,0,0.9789000153541565,sedentary
06:34:00,0,0.9789000153541565,sedentary
06:35:00,0,0.9789000153541565,sedentary
06:36:00,0,0.9789000153541565,sedentary
06:37:00,0,0.9789000153541565,sedentary
06:38:00,0,0.9789000153541565,sedentary
06:39:00,0,0.9789000153541565,sedentary
06:40:00,0,0.9789000153541565,sedentary
06:41:00,0,0.9789000153541565,sedentary
06:42:00,0,0.9789000153541565,sedentary
06:43:00,0,0.9789000153541565,sedentary
06:44:00,0,0.9789000153541565,sedentary
06:45:00,0,0.9789000153541565,sedentary
06:46:00,0,0.9789000153541565,sedentary
06:47:00,0,0.9789000153541565,sedentary
06:48:00,0,0.9789000153541565,sedentary
06:49:00,0,0.9789000153541565,sedentary
06:50:00,0,0.9789000153541565,sedentary
06:51:00,0,0.9789000153541565,sedentary
06:52:00,0,0.9789000153541565,sedentary
06:53:00,0,0.9789000153541565,sedentary
06:54:00,0,0.9789000153541565,sedentary
06:55:00,0,0.9789000153541565,sedentary
06:56:00,0,0.9789000153541565,sedentary
06:57:00,0,0.9789000153541565,sedentary
06:58:00,0,0.9789000153541565,sedentary
06:59:00,0,0.9789000153541565,sedentary
07:00:00,0,0.9789000153541565,sedentary
07:01:00,0,0.9789000153541565,sedentary
07:02:00,0,0.9789000153541565,sedentary
07:03:00,0,0.9789000153541565,sedentary
07:04:00,0,0.9789000153541565,sedentary
07:05:00,0,0.9789000153541565,sedentary
07:06:00,0,1.0767899751663208,sedentary
07:07:00,0,0.9789000153541565,sedentary
07:08:00,0,0.9789000153541565,sedentary
07:09:00,0,1.0767899751663208,sedentary
07:10:00,0,1.0767899751663208,sedentary
07:11:00,0,0.9789000153541565,sedentary
07:12:00,0,0.9789000153541565,sedentary
07:13:00,0,0.9789000153541565,sedentary
07:14:00,0,0.9789000153541565,sedentary
07:15:00,0,0.9789000153541565,sedentary
07:16:00,0,0.9789000153541565,sedentary
07:17:00,0,0.9789000153541565,sedentary
07:18:00,0,0.9789000153541565,sedentary
07:19:00,0,0.9789000153541565,sedentary
07:20:00,0,0.9789000153541565,sedentary
07:21:00,0,0.9789000153541565,sedentary
07:22:00,0,0.9789000153541565,sedentary
07:23:00,0,0.9789000153541565,sedentary
07:24:00,0,0.9789000153541565,sedentary
07:25:00,0,0.9789000153541565,sedentary
07:26:00,0,0.9789000153541565,sedentary
07:27:00,0,0.9789000153541565,sedentary
07:28:00,0,0.9789000153541565,sedentary
07:29:00,0,0.9789000153541565,sedentary
07:30:00,0,0.9789000153541565,sedentary
07:31:00,0,0.9789000153541565,sedentary
07:32:00,0,0.9789000153541565,sedentary
07:33:00,0,0.9789000153541565,sedentary
07:34:00,0,0.9789000153541565,sedentary
07:35:00,0,1.0767899751663208,sedentary
07:36:00,0,0.9789000153541565,sedentary
07:37:00,0,0.9789000153541565,sedentary
07:38:00,0,0.9789000153541565,sedentary
07:39:00,0,0.9789000153541565,sedentary
07:40:00,0,0.9789000153541565,sedentary
07:41:00,0,0.9789000153541565,sedentary
07:42:00,0,0.9789000153541565,sedentary
07:43:00,0,0.9789000153541565,sedentary
07:44:00,0,0.9789000153541565,sedentary
07:45:00,0,0.9789000153541565,sedentary
07:46:00,0,0.9789000153541565,sedentary
07:47:00,0,1.0767899751663208,sedentary
07:48:00,0,0.9789000153541565,sedentary
07:49:00,0,0.9789000153541565,sedentary
07:50:00,0,0.9789000153541565,sedentary
07:51:00,0,0.9789000153541565,sedentary
07:52:00,0,0.9789000153541565,sedentary
07:53:00,0,0.9789000153541565,sedentary
07:54:00,0,0.9789000153541565,sedentary
07:55:00,0,0.9789000153541565,sedentary
07:56:00,0,0.9789000153541565,sedentary
07:57:00,0,1.0767899751663208,sedentary
07:58:00,1,3.5240399837493896,lightly
07:59:00,1,3.1324799060821533,lightly
08:00:00,0,1.272570013999939,sedentary
08:01:00,0,1.0767899751663208,sedentary
08:02:00,0,0.9789000153541565,sedentary
08:03:00,0,0.9789000153541565,sedentary
08:04:00,0,0.9789000153541565,sedentary
08:05:00,0,1.1746799945831299,sedentary
08:06:00,0,1.0767899751663208,sedentary
08:07:00,0,0.9789000153541565,sedentary
08:08:00,0,0.9789000153541565,sedentary
08:09:00,0,0.9789000153541565,sedentary
08:10:00,0,1.0767899751663208,sedentary
08:11:00,0,1.0767899751663208,sedentary
08:12:00,0,1.0767899751663208,sedentary
08:13:00,0,1.0767899751663208,sedentary
08:14:00,0,0.9789000153541565,sedentary
08:15:00,0,1.0767899751663208,sedentary
08:16:00,0,1.0767899751663208,sedentary
08:17:00,0,1.0767899751663208,sedentary
08:18:00,0,0.9789000153541565,sedentary
08:19:00,0,1.0767899751663208,sedentary
08:20:00,0,0.9789000153541565,sedentary
08:21:00,0,0.9789000153541565,sedentary
08:22:00,0,1.0767899751663208,sedentary
08:23:00,0,0.9789000153541565,sedentary
08:24:00,0,1.0767899751663208,sedentary
08:25:00,0,1.0767899751663208,sedentary
08:26:00,0,1.0767899751663208,sedentary
08:27:00,0,1.0767899751663208,sedentary
08:28:00,0,1.0767899751663208,sedentary
08:29:00,0,1.0767899751663208,sedentary
08:30:00,0,0.9789000153541565,sedentary
08:31:00,0,1.0767899751663208,sedentary
08:32:00,0,1.0767899751663208,sedentary
08:33:00,0,0.9789000153541565,sedentary
08:34:00,1,2.545140027999878,lightly
08:35:00,1,2.545140027999878,lightly
08:36:00,0,1.0767899751663208,sedentary
08:37:00,0,1.272570013999939,sedentary
08:38:00,0,1.272570013999939,sedentary
08:39:00,0,1.272570013999939,sedentary
08:40:00,0,1.272570013999939,sedentary
08:41:00,1,3.3282599449157715,lightly
08:42:00,0,1.272570013999939,sedentary
08:43:00,0,1.272570013999939,sedentary
08:44:00,0,1.0767899751663208,sedentary
08:45:00,0,1.0767899751663208,sedentary
08:46:00,0,0.9789000153541565,sedentary
08:47:00,0,0.9789000153541565,sedentary
08:48:00,0,0.9789000153541565,sedentary
08:49:00,0,0.9789000153541565,sedentary
08:50:00,0,0.9789000153541565,sedentary
08:51:00,0,1.0767899751663208,sedentary
08:52:00,0,1.0767899751663208,sedentary
08:53:00,0,1.0767899751663208,sedentary
08:54:00,0,0.9789000153541565,sedentary
08:55:00,0,0.9789000153541565,sedentary
08:56:00,0,1.0767899751663208,sedentary
08:57:00,0,1.0767899751663208,sedentary
08:58:00,0,0.9789000153541565,sedentary
08:59:00,0,1.0767899751663208,sedentary
09:00:00,1,2.740920066833496,lightly
09:01:00,1,2.3493599891662598,lightly
09:02:00,0,0.9789000153541565,sedentary
09:03:00,1,3.719820022583008,lightly
09:04:00,1,2.545140027999878,lightly
09:05:00,0,0.9789000153541565,sedentary
09:06:00,0,1.0767899751663208,sedentary
09:07:00,0,1.0767899751663208,sedentary
09:08:00,1,2.740920066833496,lightly
09:09:00,1,2.3493599891662598,lightly
09:10:00,1,2.545140027999878,lightly
09:11:00,0,1.0767899751663208,sedentary
09:12:00,0,0.9789000153541565,sedentary
09:13:00,0,0.9789000153541565,sedentary
09:14:00,0,1.0767899751663208,sedentary
09:15:00,1,2.3493599891662598,lightly
09:16:00,0,1.0767899751663208,sedentary
09:17:00,0,0.9789000153541565,sedentary
09:18:00,0,0.9789000153541565,sedentary
09:19:00,0,1.0767899751663208,sedentary
09:20:00,0,1.0767899751663208,sedentary
09:21:00,0,0.9789000153541565,sedentary
09:22:00,0,1.0767899751663208,sedentary
09:23:00,1,2.740920066833496,lightly
09:24:00,0,1.0767899751663208,sedentary
09:25:00,0,1.0767899751663208,sedentary
09:26:00,0,0.9789000153541565,sedentary
09:27:00,0,1.0767899751663208,sedentary
09:28:00,0,1.0767899751663208,sedentary
09:29:00,0,1.0767899751663208,sedentary
09:30:00,0,0.9789000153541565,sedentary
09:31:00,0,1.0767899751663208,sedentary
09:32:00,0,0.9789000153541565,sedentary
09:33:00,1,3.3282599449157715,lightly
09:34:00,0,1.0767899751663208,sedentary
09:35:00,0,0.9789000153541565,sedentary
09:36:00,0,0.9789000153541565,sedentary
09:37:00,0,0.9789000153541565,sedentary
09:38:00,0,0.9789000153541565,sedentary
09:39:00,0,1.0767899751663208,sedentary
09:40:00,0,1.0767899751663208,sedentary
09:41:00,0,1.0767899751663208,sedentary
09:42:00,1,2.545140027999878,lightly
09:43:00,1,2.740920066833496,lightly
09:44:00,0,1.0767899751663208,sedentary
09:45:00,0,1.0767899751663208,sedentary
09:46:00,0,1.0767899751663208,sedentary
09:47:00,0,1.0767899751663208,sedentary
09:48:00,0,1.0767899751663208,sedentary
09:49:00,0,0.9789000153541565,sedentary
09:50:00,0,1.0767899751663208,sedentary
09:51:00,0,0.9789000153541565,sedentary
09:52:00,0,0.9789000153541565,sedentary
09:53:00,0,1.0767899751663208,sedentary
09:54:00,0,0.9789000153541565,sedentary
09:55:00,0,1.0767899751663208,sedentary
09:56:00,0,0.9789000153541565,sedentary
09:57:00,1,2.3493599891662598,lightly
09:58:00,0,1.1746799945831299,sedentary
09:59:00,0,0.9789000153541565,sedentary
10:00:00,0,1.0767899751663208,sedentary
10:01:00,0,1.0767899751663208,sedentary
10:02:00,0,0.9789000153541565,sedentary
10:03:00,0,1.0767899751663208,sedentary
10:04:00,0,0.9789000153541565,sedentary
10:05:00,0,0.9789000153541565,sedentary
10:06:00,0,1.0767899751663208,sedentary
10:07:00,0,0.9789000153541565,sedentary
10:08:00,0,1.0767899751663208,sedentary
10:09:00,0,1.272570013999939,sedentary
10:10:00,0,0.9789000153541565,sedentary
10:11:00,0,1.0767899751663208,sedentary
10:12:00,0,1.0767899751663208,sedentary
10:13:00,0,0.9789000153541565,sedentary
10:14:00,1,2.545140027999878,lightly
10:15:00,0,1.0767899751663208,sedentary
10:16:00,0,0.9789000153541565,sedentary
10:17:00,0,0.9789000153541565,sedentary
10:18:00,0,0.9789000153541565,sedentary
10:19:00,0,0.9789000153541565,sedentary
10:20:00,0,1.0767899751663208,sedentary
10:21:00,0,1.0767899751663208,sedentary
10:22:00,0,0.9789000153541565,sedentary
10:23:00,0,0.9789000153541565,sedentary
10:24:00,0,1.0767899751663208,sedentary
10:25:00,0,0.9789000153541565,sedentary
10:26:00,0,1.0767899751663208,sedentary
10:27:00,0,1.272570013999939,sedentary
10:28:00,0,1.0767899751663208,sedentary
10:29:00,0,1.0767899751663208,sedentary
10:30:00,0,0.9789000153541565,sedentary
10:31:00,0,1.0767899751663208,sedentary
10:32:00,0,0.9789000153541565,sedentary
10:33:00,0,1.0767899751663208,sedentary
10:34:00,0,1.272570013999939,sedentary
10:35:00,0,1.1746799945831299,sedentary
10:36:00,0,0.9789000153541565,sedentary
10:37:00,0,0.9789000153541565,sedentary
10:38:00,0,1.0767899751663208,sedentary
10:39:00,0,1.0767899751663208,sedentary
10:40:00,0,1.0767899751663208,sedentary
10:41:00,0,0.9789000153541565,sedentary
10:42:00,0,1.0767899751663208,sedentary
10:43:00,0,1.0767899751663208,sedentary
10:44:00,0,1.0767899751663208,sedentary
10:45:00,0,1.0767899751663208,sedentary
10:46:00,0,1.0767899751663208,sedentary
10:47:00,0,1.0767899751663208,sedentary
10:48:00,1,3.1324799060821533,lightly
10:49:00,1,2.740920066833496,lightly
10:50:00,1,2.740920066833496,lightly
10:51:00,1,3.1324799060821533,lightly
10:52:00,0,1.1746799945831299,sedentary
10:53:00,1,2.740920066833496,lightly
10:54:00,1,2.740920066833496,lightly
10:55:00,0,1.0767899751663208,sedentary
10:56:00,0,1.0767899751663208,sedentary
10:57:00,0,1.0767899751663208,sedentary
10:58:00,0,0.9789000153541565,sedentary
10:59:00,0,0.9789000153541565,sedentary
11:00:00,0,0.9789000153541565,sedentary
11:01:00,0,1.0767899751663208,sedentary
11:02:00,0,1.0767899751663208,sedentary
11:03:00,0,1.0767899751663208,sedentary
11:04:00,0,1.0767899751663208,sedentary
11:05:00,0,0.9789000153541565,sedentary
11:06:00,0,1.0767899751663208,sedentary
11:07:00,0,0.9789000153541565,sedentary
11:08:00,0,1.0767899751663208,sedentary
11:09:00,0,1.0767899751663208,sedentary
11:10:00,0,0.9789000153541565,sedentary
11:11:00,0,0.9789000153541565,sedentary
11:12:00,0,1.0767899751663208,sedentary
11:13:00,0,0.9789000153541565,sedentary
11:14:00,0,1.0767899751663208,sedentary
11:15:00,0,0.9789000153541565,sedentary
11:16:00,0,0.9789000153541565,sedentary
11:17:00,0,1.0767899751663208,sedentary
11:18:00,0,0.9789000153541565,sedentary
11:19:00,0,1.0767899751663208,sedentary
11:20:00,0,1.0767899751663208,sedentary
11:21:00,0,1.0767899751663208,sedentary
11:22:00,0,1.0767899751663208,sedentary
11:23:00,0,1.0767899751663208,sedentary
11:24:00,0,1.0767899751663208,sedentary
11:25:00,0,1.0767899751663208,sedentary
11:26:00,0,1.0767899751663208,sedentary
11:27:00,0,1.0767899751663208,sedentary
11:28:00,0,0.9789000153541565,sedentary
11:29:00,1,2.545140027999878,lightly
11:30:00,1,3.3282599449157715,lightly
11:31:00,1,2.545140027999878,lightly
11:32:00,0,0.9789000153541565,sedentary
11:33:00,0,0.9789000153541565,sedentary
11:34:00,0,1.0767899751663208,sedentary
11:35:00,0,1.0767899751663208,sedentary
11:36:00,0,0.9789000153541565,sedentary
11:37:00,0,0.9789000153541565,sedentary
11:38:00,0,0.9789000153541565,sedentary
11:39:00,0,0.9789000153541565,sedentary
11:40:00,0,0.9789000153541565,sedentary
11:41:00,1,2.9367001056671143,lightly
11:42:00,0,1.0767899751663208,sedentary
11:43:00,0,1.0767899751663208,sedentary
11:44:00,1,2.545140027999878,lightly
11:45:00,0,1.0767899751663208,sedentary
11:46:00,0,0.9789000153541565,sedentary
11:47:00,0,1.0767899751663208,sedentary
11:48:00,0,1.0767899751663208,sedentary
11:49:00,0,0.9789000153541565,sedentary
11:50:00,0,1.0767899751663208,sedentary
11:51:00,0,0.9789000153541565,sedentary
11:52:00,0,0.9789000153541565,sedentary
11:53:00,0,0.9789000153541565,sedentary
11:54:00,0,0.9789000153541565,sedentary
11:55:00,0,0.9789000153541565,sedentary
11:56:00,0,1.0767899751663208,sedentary
11:57:00,0,1.0767899751663208,sedentary
11:58:00,1,2.1535799503326416,lightly
11:59:00,0,0.9789000153541565,sedentary
12:00:00,0,0.9789000153541565,sedentary
12:01:00,0,0.9789000153541565,sedentary
12:02:00,0,1.0767899751663208,sedentary
12:03:00,0,0.9789000153541565,sedentary
12:04:00,0,0.9789000153541565,sedentary
12:05:00,0,0.9789000153541565,sedentary
12:06:00,0,0.9789000153541565,sedentary
12:07:00,0,0.9789000153541565,sedentary
12:08:00,0,0.9789000153541565,sedentary
12:09:00,0,0.9789000153541565,sedentary
12:10:00,0,0.9789000153541565,sedentary
12:11:00,0,0.9789000153541565,sedentary
12:12:00,0,1.0767899751663208,sedentary
12:13:00,0,0.9789000153541565,sedentary
12:14:00,0,0.9789000153541565,sedentary
12:15:00,0,0.9789000153541565,sedentary
12:16:00,0,0.9789000153541565,sedentary
12:17:00,0,0.9789000153541565,sedentary
12:18:00,0,0.9789000153541565,sedentary
12:19:00,0,0.9789000153541565,sedentary
12:20:00,0,0.9789000153541565,sedentary
12:21:00,0,0.9789000153541565,sedentary
12:22:00,0,0.9789000153541565,sedentary
12:23:00,0,0.9789000153541565,sedentary
12:24:00,0,0.9789000153541565,sedentary
12:25:00,0,1.0767899751663208,sedentary
12:26:00,0,1.0767899751663208,sedentary
12:27:00,0,0.9789000153541565,sedentary
12:28:00,0,0.9789000153541565,sedentary
12:29:00,0,0.9789000153541565,sedentary
12:30:00,0,0.9789000153541565,sedentary
12:31:00,0,0.9789000153541565,sedentary
12:32:00,0,0.9789000153541565,sedentary
12:33:00,0,1.0767899751663208,sedentary
12:34:00,0,1.0767899751663208,sedentary
12:35:00,0,0.9789000153541565,sedentary
12:36:00,0,0.9789000153541565,sedentary
12:37:00,0,0.9789000153541565,sedentary
12:38:00,1,2.3493599891662598,lightly
12:39:00,0,0.9789000153541565,sedentary
12:40:00,0,1.0767899751663208,sedentary
12:41:00,0,0.9789000153541565,sedentary
12:42:00,0,1.0767899751663208,sedentary
12:43:00,0,0.9789000153541565,sedentary
12:44:00,0,0.9789000153541565,sedentary
12:45:00,1,2.545140027999878,lightly
12:46:00,1,3.3282599449157715,lightly
12:47:00,1,2.3493599891662598,lightly
12:48:00,1,2.3493599891662598,lightly
12:49:00,0,1.272570013999939,sedentary
12:50:00,0,0.9789000153541565,sedentary
12:51:00,0,1.272570013999939,sedentary
12:52:00,1,2.9367001056671143,lightly
12:53:00,0,1.272570013999939,sedentary
12:54:00,1,2.740920066833496,lightly
12:55:00,1,2.740920066833496,lightly
12:56:00,1,2.545140027999878,lightly
12:57:00,0,1.272570013999939,sedentary
12:58:00,0,1.0767899751663208,sedentary
12:59:00,1,2.545140027999878,lightly
13:00:00,0,1.272570013999939,sedentary
13:01:00,0,1.0767899751663208,sedentary
13:02:00,0,1.0767899751663208,sedentary
13:03:00,0,1.0767899751663208,sedentary
13:04:00,1,2.545140027999878,lightly
13:05:00,1,2.740920066833496,lightly
13:06:00,0,1.272570013999939,sedentary
13:07:00,0,1.272570013999939,sedentary
13:08:00,0,0.9789000153541565,sedentary
13:09:00,0,1.272570013999939,sedentary
13:10:00,1,2.740920066833496,lightly
13:11:00,0,1.272570013999939,sedentary
13:12:00,0,1.272570013999939,sedentary
13:13:00,0,1.272570013999939,sedentary
13:14:00,0,1.272570013999939,sedentary
13:15:00,0,1.0767899751663208,sedentary
13:16:00,1,2.545140027999878,lightly
13:17:00,1,2.9367001056671143,lightly
13:18:00,0,0.9789000153541565,sedentary
13:19:00,0,1.0767899751663208,sedentary
13:20:00,0,0.9789000153541565,sedentary
13:21:00,0,0.9789000153541565,sedentary
13:22:00,0,0.9789000153541565,sedentary
13:23:00,0,0.9789000153541565,sedentary
13:24:00,0,0.9789000153541565,sedentary
13:25:00,0,1.0767899751663208,sedentary
13:26:00,0,0.9789000153541565,sedentary
13:27:00,0,1.0767899751663208,sedentary
13:28:00,1,2.740920066833496,lightly
13:29:00,0,1.0767899751663208,sedentary
13:30:00,1,2.3493599891662598,lightly
13:31:00,0,0.9789000153541565,sedentary
13:32:00,0,0.9789000153541565,sedentary
13:33:00,0,0.9789000153541565,sedentary
13:34:00,0,1.0767899751663208,sedentary
13:35:00,0,0.9789000153541565,sedentary
13:36:00,1,2.3493599891662598,lightly
13:37:00,0,1.0767899751663208,sedentary
13:38:00,0,1.0767899751663208,sedentary
13:39:00,0,1.0767899751663208,sedentary
13:40:00,0,0.9789000153541565,sedentary
13:41:00,0,0.9789000153541565,sedentary
13:42:00,0,1.0767899751663208,sedentary
13:43:00,0,0.9789000153541565,sedentary
13:44:00,0,1.0767899751663208,sedentary
13:45:00,0,1.0767899751663208,sedentary
13:46:00,0,1.0767899751663208,sedentary
13:47:00,0,0.9789000153541565,sedentary
13:48:00,0,1.0767899751663208,sedentary
13:49:00,0,1.0767899751663208,sedentary
13:50:00,0,1.0767899751663208,sedentary
13:51:00,0,0.9789000153541565,sedentary
13:52:00,0,1.0767899751663208,sedentary
13:53:00,0,0.9789000153541565,sedentary
13:54:00,0,0.9789000153541565,sedentary
13:55:00,0,0.9789000153541565,sedentary
13:56:00,0,0.9789000153541565,sedentary
13:57:00,0,1.0767899751663208,sedentary
13:58:00,1,2.545140027999878,lightly
13:59:00,0,1.0767899751663208,sedentary
14:00:00,0,0.9789000153541565,sedentary
14:01:00,0,1.0767899751663208,sedentary
14:02:00,0,0.9789000153541565,sedentary
14:03:00,0,0.9789000153541565,sedentary
14:04:00,0,1.0767899751663208,sedentary
14:05:00,0,1.0767899751663208,sedentary
14:06:00,0,0.9789000153541565,sedentary
14:07:00,0,0.9789000153541565,sedentary
14:08:00,0,0.9789000153541565,sedentary
14:09:00,0,0.9789000153541565,sedentary
14:10:00,0,0.9789000153541565,sedentary
14:11:00,1,2.3493599891662598,lightly
14:12:00,0,1.0767899751663208,sedentary
14:13:00,0,0.9789000153541565,sedentary
14:14:00,0,0.9789000153541565,sedentary
14:15:00,0,0.9789000153541565,sedentary
14:16:00,0,1.0767899751663208,sedentary
14:17:00,0,1.0767899751663208,sedentary
14:18:00,1,2.3493599891662598,lightly
14:19:00,1,2.3493599891662598,lightly
14:20:00,1,2.740920066833496,lightly
14:21:00,0,0.9789000153541565,sedentary
14:22:00,0,0.9789000153541565,sedentary
14:23:00,0,1.0767899751663208,sedentary
14:24:00,0,0.9789000153541565,sedentary
14:25:00,0,0.9789000153541565,sedentary
14:26:00,0,0.9789000153541565,sedentary
14:27:00,0,1.0767899751663208,sedentary
14:28:00,0,0.9789000153541565,sedentary
14:29:00,0,1.0767899751663208,sedentary
14:30:00,0,0.9789000153541565,sedentary
14:31:00,0,0.9789000153541565,sedentary
14:32:00,1,2.740920066833496,lightly
14:33:00,1,2.9367001056671143,lightly
14:34:00,1,2.545140027999878,lightly
14:35:00,1,2.740920066833496,lightly
14:36:00,1,2.9367001056671143,lightly
14:37:00,1,2.9367001056671143,lightly
14:38:00,1,3.1324799060821533,lightly
14:39:00,0,1.0767899751663208,sedentary
14:40:00,0,1.0767899751663208,sedentary
14:41:00,1,2.545140027999878,lightly
14:42:00,1,2.9367001056671143,lightly
14:43:00,0,1.1746799945831299,sedentary
14:44:00,1,3.719820022583008,lightly
14:45:00,1,3.1324799060821533,lightly
14:46:00,1,3.1324799060821533,lightly
14:47:00,1,3.719820022583008,lightly
14:48:00,1,4.307159900665283,lightly
14:49:00,1,5.286059856414795,lightly
14:50:00,1,4.992390155792236,lightly
14:51:00,1,4.894499778747559,lightly
14:52:00,1,2.9367001056671143,lightly
14:53:00,1,3.719820022583008,lightly
14:54:00,1,3.915600061416626,lightly
14:55:00,1,2.545140027999878,lightly
14:56:00,1,3.1324799060821533,lightly
14:57:00,1,2.740920066833496,lightly
14:58:00,1,3.3282599449157715,lightly
14:59:00,1,3.3282599449157715,lightly
15:00:00,0,1.0767899751663208,sedentary
15:01:00,0,1.0767899751663208,sedentary
15:02:00,0,1.0767899751663208,sedentary
15:03:00,0,0.9789000153541565,sedentary
15:04:00,0,0.9789000153541565,sedentary
15:05:00,0,0.9789000153541565,sedentary
15:06:00,0,0.9789000153541565,sedentary
15:07:00,0,1.0767899751663208,sedentary
15:08:00,0,0.9789000153541565,sedentary
15:09:00,0,0.9789000153541565,sedentary
15:10:00,0,0.9789000153541565,sedentary
15:11:00,0,0.9789000153541565,sedentary
15:12:00,0,0.9789000153541565,sedentary
15:13:00,0,1.0767899751663208,sedentary
15:14:00,1,2.740920066833496,lightly
15:15:00,1,2.9367001056671143,lightly
15:16:00,1,2.545140027999878,lightly
15:17:00,0,1.0767899751663208,sedentary
15:18:00,0,1.272570013999939,sedentary
15:19:00,0,0.9789000153541565,sedentary
15:20:00,0,1.0767899751663208,sedentary
15:21:00,0,1.0767899751663208,sedentary
15:22:00,0,1.0767899751663208,sedentary
15:23:00,0,0.9789000153541565,sedentary
15:24:00,1,2.3493599891662598,lightly
15:25:00,0,0.9789000153541565,sedentary
15:26:00,0,1.0767899751663208,sedentary
15:27:00,0,0.9789000153541565,sedentary
15:28:00,0,0.9789000153541565,sedentary
15:29:00,0,1.0767899751663208,sedentary
15:30:00,0,0.9789000153541565,sedentary
15:31:00,0,1.0767899751663208,sedentary
15:32:00,0,1.0767899751663208,sedentary
15:33:00,1,2.545140027999878,lightly
15:34:00,1,3.3282599449157715,lightly
15:35:00,1,2.545140027999878,lightly
15:36:00,1,2.545140027999878,lightly
15:37:00,1,2.3493599891662598,lightly
15:38:00,1,2.3493599891662598,lightly
15:39:00,1,2.3493599891662598,lightly
15:40:00,0,1.0767899751663208,sedentary
15:41:00,0,1.0767899751663208,sedentary
15:42:00,0,1.0767899751663208,sedentary
15:43:00,0,1.0767899751663208,sedentary
15:44:00,0,0.9789000153541565,sedentary
15:45:00,0,1.0767899751663208,sedentary
15:46:00,0,1.0767899751663208,sedentary
15:47:00,0,1.0767899751663208,sedentary
15:48:00,0,1.0767899751663208,sedentary
15:49:00,0,0.9789000153541565,sedentary
15:50:00,0,0.9789000153541565,sedentary
15:51:00,1,2.545140027999878,lightly
15:52:00,1,2.3493599891662598,lightly
15:53:00,1,2.740920066833496,lightly
15:54:00,1,2.3493599891662598,lightly
15:55:00,0,1.0767899751663208,sedentary
15:56:00,1,2.545140027999878,lightly
15:57:00,1,2.740920066833496,lightly
15:58:00,1,2.9367001056671143,lightly
15:59:00,0,0.9789000153541565,sedentary
16:00:00,0,1.0767899751663208,sedentary
16:01:00,0,1.0767899751663208,sedentary
16:02:00,0,1.0767899751663208,sedentary
16:03:00,1,2.3493599891662598,lightly
16:04:00,0,1.0767899751663208,sedentary
16:05:00,0,1.0767899751663208,sedentary
16:06:00,0,1.0767899751663208,sedentary
16:07:00,1,2.3493599891662598,lightly
16:08:00,0,1.0767899751663208,sedentary
16:09:00,0,0.9789000153541565,sedentary
16:10:00,0,1.0767899751663208,sedentary
16:11:00,0,1.0767899751663208,sedentary
16:12:00,1,2.3493599891662598,lightly
16:13:00,0,1.0767899751663208,sedentary
16:14:00,0,0.9789000153541565,sedentary
16:15:00,0,1.0767899751663208,sedentary
16:16:00,0,1.0767899751663208,sedentary
16:17:00,1,2.3493599891662598,lightly
16:18:00,0,1.0767899751663208,sedentary
16:19:00,0,0.9789000153541565,sedentary
16:20:00,0,1.0767899751663208,sedentary
16:21:00,0,0.9789000153541565,sedentary
16:22:00,0,1.0767899751663208,sedentary
16:23:00,0,1.0767899751663208,sedentary
16:24:00,0,1.0767899751663208,sedentary
16:25:00,0,1.0767899751663208,sedentary
16:26:00,0,0.9789000153541565,sedentary
16:27:00,1,2.3493599891662598,lightly
16:28:00,0,1.0767899751663208,sedentary
16:29:00,0,1.0767899751663208,sedentary
16:30:00,0,1.0767899751663208,sedentary
16:31:00,0,0.9789000153541565,sedentary
16:32:00,0,1.0767899751663208,sedentary
16:33:00,1,2.3493599891662598,lightly
16:34:00,0,1.0767899751663208,sedentary
16:35:00,0,1.0767899751663208,sedentary
16:36:00,0,1.0767899751663208,sedentary
16:37:00,0,0.9789000153541565,sedentary
16:38:00,1,2.545140027999878,lightly
16:39:00,0,1.0767899751663208,sedentary
16:40:00,0,1.0767899751663208,sedentary
16:41:00,0,1.0767899751663208,sedentary
16:42:00,0,1.0767899751663208,sedentary
16:43:00,0,1.0767899751663208,sedentary
16:44:00,0,1.0767899751663208,sedentary
16:45:00,0,1.0767899751663208,sedentary
16:46:00,0,1.0767899751663208,sedentary
16:47:00,0,1.0767899751663208,sedentary
16:48:00,0,1.0767899751663208,sedentary
16:49:00,0,1.0767899751663208,sedentary
16:50:00,0,0.9789000153541565,sedentary
16:51:00,0,1.0767899751663208,sedentary
16:52:00,0,0.9789000153541565,sedentary
16:53:00,0,1.0767899751663208,sedentary
16:54:00,0,1.0767899751663208,sedentary
16:55:00,0,1.0767899751663208,sedentary
16:56:00,0,1.0767899751663208,sedentary
16:57:00,0,1.0767899751663208,sedentary
16:58:00,0,1.0767899751663208,sedentary
16:59:00,0,0.9789000153541565,sedentary
17:00:00,0,1.0767899751663208,sedentary
17:01:00,0,1.0767899751663208,sedentary
17:02:00,0,1.0767899751663208,sedentary
17:03:00,0,1.0767899751663208,sedentary
17:04:00,0,1.0767899751663208,sedentary
17:05:00,0,1.0767899751663208,sedentary
17:06:00,0,1.0767899751663208,sedentary
17:07:00,0,1.0767899751663208,sedentary
17:08:00,0,1.0767899751663208,sedentary
17:09:00,0,1.0767899751663208,sedentary
17:10:00,0,1.0767899751663208,sedentary
17:11:00,0,1.0767899751663208,sedentary
17:12:00,0,0.9789000153541565,sedentary
17:13:00,1,2.545140027999878,lightly
17:14:00,0,1.0767899751663208,sedentary
17:15:00,1,2.545140027999878,lightly
17:16:00,0,1.0767899751663208,sedentary
17:17:00,0,1.0767899751663208,sedentary
17:18:00,0,1.0767899751663208,sedentary
17:19:00,1,2.545140027999878,lightly
17:20:00,1,2.3493599891662598,lightly
17:21:00,0,1.0767899751663208,sedentary
17:22:00,0,1.0767899751663208,sedentary
17:23:00,0,1.0767899751663208,sedentary
17:24:00,0,0.9789000153541565,sedentary
17:25:00,0,1.0767899751663208,sedentary
17:26:00,1,2.545140027999878,lightly
17:27:00,0,1.0767899751663208,sedentary
17:28:00,1,2.3493599891662598,lightly
17:29:00,0,0.9789000153541565,sedentary
17:30:00,0,1.0767899751663208,sedentary
17:31:00,1,2.545140027999878,lightly
17:32:00,1,2.740920066833496,lightly
17:33:00,1,2.740920066833496,lightly
17:34:00,1,2.740920066833496,lightly
17:35:00,1,2.545140027999878,lightly
17:36:00,0,1.0767899751663208,sedentary
17:37:00,1,2.9367001056671143,lightly
17:38:00,0,1.0767899751663208,sedentary
17:39:00,0,1.0767899751663208,sedentary
17:40:00,0,0.9789000153541565,sedentary
17:41:00,0,0.9789000153541565,sedentary
17:42:00,0,1.0767899751663208,sedentary
17:43:00,0,1.0767899751663208,sedentary
17:44:00,0,1.0767899751663208,sedentary
17:45:00,0,1.0767899751663208,sedentary
17:46:00,0,1.0767899751663208,sedentary
17:47:00,0,1.0767899751663208,sedentary
17:48:00,0,0.9789000153541565,sedentary
17:49:00,0,1.0767899751663208,sedentary
17:50:00,0,1.0767899751663208,sedentary
17:51:00,0,0.9789000153541565,sedentary
17:52:00,0,1.0767899751663208,sedentary
17:53:00,0,0.9789000153541565,sedentary
17:54:00,0,1.0767899751663208,sedentary
17:55:00,0,0.9789000153541565,sedentary
17:56:00,0,1.0767899751663208,sedentary
17:57:00,0,1.0767899751663208,sedentary
17:58:00,0,1.0767899751663208,sedentary
17:59:00,0,1.0767899751663208,sedentary
18:00:00,0,0.9789000153541565,sedentary
18:01:00,0,1.0767899751663208,sedentary
18:02:00,0,0.9789000153541565,sedentary
18:03:00,0,0.9789000153541565,sedentary
18:04:00,0,1.0767899751663208,sedentary
18:05:00,0,0.9789000153541565,sedentary
18:06:00,0,0.9789000153541565,sedentary
18:07:00,0,0.9789000153541565,sedentary
18:08:00,1,2.3493599891662598,lightly
18:09:00,1,2.1535799503326416,lightly
18:10:00,1,2.1535799503326416,lightly
18:11:00,0,1.0767899751663208,sedentary
18:12:00,0,1.0767899751663208,sedentary
18:13:00,1,2.3493599891662598,lightly
18:14:00,0,0.9789000153541565,sedentary
18:15:00,0,1.0767899751663208,sedentary
18:16:00,0,1.0767899751663208,sedentary
18:17:00,0,1.0767899751663208,sedentary
18:18:00,0,1.0767899751663208,sedentary
18:19:00,0,1.0767899751663208,sedentary
18:20:00,1,2.3493599891662598,lightly
18:21:00,0,1.0767899751663208,sedentary
18:22:00,0,1.0767899751663208,sedentary
18:23:00,0,1.0767899751663208,sedentary
18:24:00,0,1.0767899751663208,sedentary
18:25:00,0,0.9789000153541565,sedentary
18:26:00,0,0.9789000153541565,sedentary
18:27:00,0,0.9789000153541565,sedentary
18:28:00,0,0.9789000153541565,sedentary
18:29:00,0,0.9789000153541565,sedentary
18:30:00,1,3.1324799060821533,lightly
18:31:00,0,1.0767899751663208,sedentary
18:32:00,0,1.0767899751663208,sedentary
18:33:00,0,1.0767899751663208,sedentary
18:34:00,0,1.0767899751663208,sedentary
18:35:00,0,1.0767899751663208,sedentary
18:36:00,0,1.0767899751663208,sedentary
18:37:00,0,1.0767899751663208,sedentary
18:38:00,0,1.0767899751663208,sedentary
18:39:00,0,1.0767899751663208,sedentary
18:40:00,0,1.0767899751663208,sedentary
18:41:00,0,1.0767899751663208,sedentary
18:42:00,0,1.0767899751663208,sedentary
18:43:00,0,1.272570013999939,sedentary
18:44:00,0,1.272570013999939,sedentary
18:45:00,0,1.0767899751663208,sedentary
18:46:00,0,1.0767899751663208,sedentary
18:47:00,0,0.9789000153541565,sedentary
18:48:00,0,0.9789000153541565,sedentary
18:49:00,1,2.9367001056671143,lightly
18:50:00,1,2.3493599891662598,lightly
18:51:00,1,2.740920066833496,lightly
18:52:00,1,2.9367001056671143,lightly
18:53:00,1,2.545140027999878,lightly
18:54:00,1,2.545140027999878,lightly
18:55:00,0,1.0767899751663208,sedentary
18:56:00,0,1.0767899751663208,sedentary
18:57:00,0,1.0767899751663208,sedentary
18:58:00,0,0.9789000153541565,sedentary
18:59:00,1,2.1535799503326416,lightly
19:00:00,0,0.9789000153541565,sedentary
19:01:00,0,1.0767899751663208,sedentary
19:02:00,0,1.0767899751663208,sedentary
19:03:00,0,1.0767899751663208,sedentary
19:04:00,0,1.0767899751663208,sedentary
19:05:00,1,2.545140027999878,lightly
19:06:00,1,2.740920066833496,lightly
19:07:00,1,2.3493599891662598,lightly
19:08:00,0,1.0767899751663208,sedentary
19:09:00,0,1.0767899751663208,sedentary
19:10:00,0,1.0767899751663208,sedentary
19:11:00,0,1.0767899751663208,sedentary
19:12:00,1,2.545140027999878,lightly
19:13:00,0,1.0767899751663208,sedentary
19:14:00,0,1.0767899751663208,sedentary
19:15:00,0,0.9789000153541565,sedentary
19:16:00,0,0.9789000153541565,sedentary
19:17:00,0,1.0767899751663208,sedentary
19:18:00,0,0.9789000153541565,sedentary
19:19:00,1,2.740920066833496,lightly
19:20:00,1,2.545140027999878,lightly
19:21:00,0,1.0767899751663208,sedentary
19:22:00,0,0.9789000153541565,sedentary
19:23:00,0,0.9789000153541565,sedentary
19:24:00,0,1.0767899751663208,sedentary
19:25:00,0,0.9789000153541565,sedentary
19:26:00,0,0.9789000153541565,sedentary
19:27:00,1,2.740920066833496,lightly
19:28:00,0,1.0767899751663208,sedentary
19:29:00,0,1.0767899751663208,sedentary
19:30:00,0,0.9789000153541565,sedentary
19:31:00,0,0.9789000153541565,sedentary
19:32:00,0,1.0767899751663208,sedentary
19:33:00,0,1.0767899751663208,sedentary
19:34:00,0,0.9789000153541565,sedentary
19:35:00,0,1.0767899751663208,sedentary
19:36:00,1,2.545140027999878,lightly
19:37:00,0,1.0767899751663208,sedentary
19:38:00,0,1.0767899751663208,sedentary
19:39:00,0,1.0767899751663208,sedentary
19:40:00,0,1.0767899751663208,sedentary
19:41:00,0,0.9789000153541565,sedentary
19:42:00,0,0.9789000153541565,sedentary
19:43:00,0,1.0767899751663208,sedentary
19:44:00,0,0.9789000153541565,sedentary
19:45:00,0,1.0767899751663208,sedentary
19:46:00,0,1.0767899751663208,sedentary
19:47:00,0,0.9789000153541565,sedentary
19:48:00,0,0.9789000153541565,sedentary
19:49:00,0,1.0767899751663208,sedentary
19:50:00,0,0.9789000153541565,sedentary
19:51:00,0,0.9789000153541565,sedentary
19:52:00,0,1.0767899751663208,sedentary
19:53:00,0,0.9789000153541565,sedentary
19:54:00,0,1.0767899751663208,sedentary
19:55:00,0,1.0767899751663208,sedentary
19:56:00,0,0.9789000153541565,sedentary
19:57:00,0,0.9789000153541565,sedentary
19:58:00,0,1.0767899751663208,sedentary
19:59:00,0,0.9789000153541565,sedentary
20:00:00,0,0.9789000153541565,sedentary
20:01:00,0,0.9789000153541565,sedentary
20:02:00,0,1.0767899751663208,sedentary
20:03:00,0,1.0767899751663208,sedentary
20:04:00,0,1.0767899751663208,sedentary
20:05:00,0,0.9789000153541565,sedentary
20:06:00,0,0.9789000153541565,sedentary
20:07:00,0,1.0767899751663208,sedentary
20:08:00,0,1.0767899751663208,sedentary
20:09:00,0,0.9789000153541565,sedentary
20:10:00,0,0.9789000153541565,sedentary
20:11:00,0,1.0767899751663208,sedentary
20:12:00,0,1.0767899751663208,sedentary
20:13:00,0,1.0767899751663208,sedentary
20:14:00,1,2.3493599891662598,lightly
20:15:00,1,2.3493599891662598,lightly
20:16:00,1,2.3493599891662598,lightly
20:17:00,1,2.3493599891662598,lightly
20:18:00,0,1.0767899751663208,sedentary
20:19:00,0,0.9789000153541565,sedentary
20:20:00,1,2.3493599891662598,lightly
20:21:00,0,1.0767899751663208,sedentary
20:22:00,0,0.9789000153541565,sedentary
20:23:00,0,1.0767899751663208,sedentary
20:24:00,0,1.0767899751663208,sedentary
20:25:00,0,1.0767899751663208,sedentary
20:26:00,0,0.9789000153541565,sedentary
20:27:00,0,0.9789000153541565,sedentary
20:28:00,0,1.0767899751663208,sedentary
20:29:00,0,0.9789000153541565,sedentary
20:30:00,0,0.9789000153541565,sedentary
20:31:00,0,1.0767899751663208,sedentary
20:32:00,0,0.9789000153541565,sedentary
20:33:00,0,1.0767899751663208,sedentary
20:34:00,0,0.9789000153541565,sedentary
20:35:00,0,0.9789000153541565,sedentary
20:36:00,0,1.0767899751663208,sedentary
20:37:00,0,0.9789000153541565,sedentary
20:38:00,0,0.9789000153541565,sedentary
20:39:00,0,1.0767899751663208,sedentary
20:40:00,0,0.9789000153541565,sedentary
20:41:00,0,1.0767899751663208,sedentary
20:42:00,0,1.0767899751663208,sedentary
20:43:00,0,1.0767899751663208,sedentary
20:44:00,0,1.0767899751663208,sedentary
20:45:00,1,2.1535799503326416,lightly
20:46:00,0,1.0767899751663208,sedentary
20:47:00,0,1.0767899751663208,sedentary
20:48:00,0,1.0767899751663208,sedentary
20:49:00,0,1.0767899751663208,sedentary
20:50:00,0,0.9789000153541565,sedentary
20:51:00,0,0.9789000153541565,sedentary
20:52:00,0,1.0767899751663208,sedentary
20:53:00,0,1.0767899751663208,sedentary
20:54:00,0,1.0767899751663208,sedentary
20:55:00,0,1.0767899751663208,sedentary
20:56:00,0,1.0767899751663208,sedentary
20:57:00,0,1.0767899751663208,sedentary
20:58:00,0,1.0767899751663208,sedentary
20:59:00,0,1.0767899751663208,sedentary
21:00:00,0,1.0767899751663208,sedentary
21:01:00,0,1.0767899751663208,sedentary
21:02:00,0,0.9789000153541565,sedentary
21:03:00,0,0.9789000153541565,sedentary
21:04:00,0,1.0767899751663208,sedentary
21:05:00,0,1.0767899751663208,sedentary
21:06:00,0,1.0767899751663208,sedentary
21:07:00,1,2.1535799503326416,lightly
21:08:00,1,3.1324799060821533,lightly
21:09:00,1,2.3493599891662598,lightly
21:10:00,0,1.0767899751663208,sedentary
21:11:00,0,1.0767899751663208,sedentary
21:12:00,0,0.9789000153541565,sedentary
21:13:00,0,0.9789000153541565,sedentary
21:14:00,0,0.9789000153541565,sedentary
21:15:00,0,1.0767899751663208,sedentary
21:16:00,1,2.3493599891662598,lightly
21:17:00,0,0.9789000153541565,sedentary
21:18:00,0,0.9789000153541565,sedentary
21:19:00,0,0.9789000153541565,sedentary
21:20:00,0,0.9789000153541565,sedentary
21:21:00,0,1.0767899751663208,sedentary
21:22:00,0,0.9789000153541565,sedentary
21:23:00,0,0.9789000153541565,sedentary
21:24:00,1,2.3493599891662598,lightly
21:25:00,0,1.0767899751663208,sedentary
21:26:00,0,0.9789000153541565,sedentary
21:27:00,0,0.9789000153541565,sedentary
21:28:00,0,0.9789000153541565,sedentary
21:29:00,0,0.9789000153541565,sedentary
21:30:00,1,2.545140027999878,lightly
21:31:00,0,1.0767899751663208,sedentary
21:32:00,0,0.9789000153541565,sedentary
21:33:00,0,1.0767899751663208,sedentary
21:34:00,0,1.0767899751663208,sedentary
21:35:00,0,0.9789000153541565,sedentary
21:36:00,0,0.9789000153541565,sedentary
21:37:00,0,0.9789000153541565,sedentary
21:38:00,0,0.9789000153541565,sedentary
21:39:00,0,0.9789000153541565,sedentary
21:40:00,0,0.9789000153541565,sedentary
21:41:00,0,0.9789000153541565,sedentary
21:42:00,0,0.9789000153541565,sedentary
21:43:00,0,0.9789000153541565,sedentary
21:44:00,0,1.0767899751663208,sedentary
21:45:00,0,1.0767899751663208,sedentary
21:46:00,0,1.0767899751663208,sedentary
21:47:00,0,0.9789000153541565,sedentary
21:48:00,0,0.9789000153541565,sedentary
21:49:00,0,1.0767899751663208,sedentary
21:50:00,0,0.9789000153541565,sedentary
21:51:00,0,0.9789000153541565,sedentary
21:52:00,0,0.9789000153541565,sedentary
21:53:00,0,1.0767899751663208,sedentary
21:54:00,1,2.3493599891662598,lightly
21:55:00,1,2.9367001056671143,lightly
21:56:00,0,1.0767899751663208,sedentary
21:57:00,0,1.0767899751663208,sedentary
21:58:00,0,0.9789000153541565,sedentary
21:59:00,0,0.9789000153541565,sedentary
22:00:00,0,0.9789000153541565,sedentary
22:01:00,0,0.9789000153541565,sedentary
22:02:00,0,0.9789000153541565,sedentary
22:03:00,0,1.0767899751663208,sedentary
22:04:00,0,0.9789000153541565,sedentary
22:05:00,0,0.9789000153541565,sedentary
22:06:00,0,0.9789000153541565,sedentary
22:07:00,0,0.9789000153541565,sedentary
22:08:00,0,0.9789000153541565,sedentary
22:09:00,0,1.0767899751663208,sedentary
22:10:00,0,0.9789000153541565,sedentary
22:11:00,0,0.9789000153541565,sedentary
22:12:00,0,0.9789000153541565,sedentary
22:13:00,0,0.9789000153541565,sedentary
22:14:00,0,0.9789000153541565,sedentary
22:15:00,0,0.9789000153541565,sedentary
22:16:00,0,1.0767899751663208,sedentary
22:17:00,0,0.9789000153541565,sedentary
22:18:00,0,0.9789000153541565,sedentary
22:19:00,0,1.0767899751663208,sedentary
22:20:00,0,0.9789000153541565,sedentary
22:21:00,0,0.9789000153541565,sedentary
22:22:00,0,0.9789000153541565,sedentary
22:23:00,0,0.9789000153541565,sedentary
22:24:00,0,0.9789000153541565,sedentary
22:25:00,0,1.0767899751663208,sedentary
22:26:00,0,0.9789000153541565,sedentary
22:27:00,0,1.0767899751663208,sedentary
22:28:00,0,0.9789000153541565,sedentary
22:29:00,1,2.545140027999878,lightly
22:30:00,1,3.1324799060821533,lightly
22:31:00,1,2.3493599891662598,lightly
22:32:00,1,2.9367001056671143,lightly
22:33:00,1,2.545140027999878,lightly
22:34:00,1,2.3493599891662598,lightly
22:35:00,1,2.3493599891662598,lightly
22:36:00,1,2.3493599891662598,lightly
22:37:00,0,1.0767899751663208,sedentary
22:38:00,0,1.0767899751663208,sedentary
22:39:00,0,1.0767899751663208,sedentary
22:40:00,0,1.0767899751663208,sedentary
22:41:00,1,2.740920066833496,lightly
22:42:00,1,2.740920066833496,lightly
22:43:00,1,3.1324799060821533,lightly
22:44:00,0,1.0767899751663208,sedentary
22:45:00,0,1.0767899751663208,sedentary
22:46:00,0,1.0767899751663208,sedentary
22:47:00,0,0.9789000153541565,sedentary
22:48:00,0,0.9789000153541565,sedentary
22:49:00,0,0.9789000153541565,sedentary
22:50:00,0,1.0767899751663208,sedentary
22:51:00,0,0.9789000153541565,sedentary
22:52:00,0,0.9789000153541565,sedentary
22:53:00,0,1.0767899751663208,sedentary
22:54:00,0,1.0767899751663208,sedentary
22:55:00,0,0.9789000153541565,sedentary
22:56:00,1,2.545140027999878,lightly
22:57:00,1,2.740920066833496,lightly
22:58:00,0,1.0767899751663208,sedentary
22:59:00,0,0.9789000153541565,sedentary
23:00:00,0,0.9789000153541565,sedentary
23:01:00,0,0.9789000153541565,sedentary
23:02:00,0,1.0767899751663208,sedentary
23:03:00,0,1.0767899751663208,sedentary
23:04:00,0,1.0767899751663208,sedentary
23:05:00,1,2.545140027999878,lightly
23:06:00,1,2.545140027999878,lightly
23:07:00,0,0.9789000153541565,sedentary
23:08:00,0,0.9789000153541565,sedentary
23:09:00,0,0.9789000153541565,sedentary
23:10:00,0,0.9789000153541565,sedentary
23:11:00,0,0.9789000153541565,sedentary
23:12:00,0,0.9789000153541565,sedentary
23:13:00,0,0.9789000153541565,sedentary
23:14:00,0,1.0767899751663208,sedentary
23:15:00,0,1.272570013999939,sedentary
23:16:00,0,1.1746799945831299,sedentary
23:17:00,0,1.1746799945831299,sedentary
23:18:00,0,1.1746799945831299,sedentary
23:19:00,0,1.1746799945831299,sedentary
23:20:00,0,0.9789000153541565,sedentary
23:21:00,0,0.9789000153541565,sedentary
23:22:00,0,1.1746799945831299,sedentary
23:23:00,0,1.272570013999939,sedentary
23:24:00,0,1.1746799945831299,sedentary
23:25:00,0,0.9789000153541565,sedentary
23:26:00,0,1.1746799945831299,sedentary
23:27:00,0,1.1746799945831299,sedentary
23:28:00,0,1.1746799945831299,sedentary
23:29:00,0,0.9789000153541565,sedentary
23:30:00,0,0.9789000153541565,sedentary
23:31:00,0,0.9789000153541565,sedentary
23:32:00,0,0.9789000153541565,sedentary
23:33:00,0,0.9789000153541565,sedentary
23:34:00,0,1.0767899751663208,sedentary
23:35:00,0,0.9789000153541565,sedentary
23:36:00,0,1.0767899751663208,sedentary
23:37:00,0,1.0767899751663208,sedentary
23:38:00,0,0.9789000153541565,sedentary
23:39:00,0,0.9789000153541565,sedentary
23:40:00,0,1.0767899751663208,sedentary
23:41:00,0,0.9789000153541565,sedentary
23:42:00,0,0.9789000153541565,sedentary
23:43:00,0,1.0767899751663208,sedentary
23:44:00,0,0.9789000153541565,sedentary
23:45:00,0,0.9789000153541565,sedentary
23:46:00,0,1.0767899751663208,sedentary
23:47:00,0,1.0767899751663208,sedentary
23:48:00,0,0.9789000153541565,sedentary
23:49:00,0,0.9789000153541565,sedentary
23:50:00,0,0.9789000153541565,sedentary
23:51:00,0,0.9789000153541565,sedentary
23:52:00,0,1.1746799945831299,sedentary
23:53:00,0,1.1746799945831299,sedentary
23:54:00,0,1.0767899751663208,sedentary
23:55:00,0,0.9789000153541565,sedentary
23:56:00,0,0.9789000153541565,sedentary
23:57:00,0,1.1746799945831299,sedentary
23:58:00,0,0.9789000153541565,sedentary
23:59:00,0,0.9789000153541565,sedentary
